1 0.069752 0.537071 0.139504 0.817331
1 0.754003 0.607288 0.042344 0.067701
4 0.372910 0.538664 0.109306 0.186484
0 0.186426 0.597441 0.030281 0.096012
0 0.201812 0.596363 0.022649 0.092011
0 0.433225 0.586055 0.114229 0.352043
0 0.510281 0.599902 0.104874 0.323117
0 0.152822 0.613750 0.075332 0.339734
0 0.821950 0.598979 0.149188 0.480059
2 0.976337 0.603134 0.047326 0.113552
2 0.674018 0.588778 0.015510 0.038312
2 0.623612 0.589240 0.016618 0.036466
2 0.601640 0.588778 0.016248 0.040159
2 0.412694 0.591624 0.172821 0.276034
2 0.314466 0.601318 0.091581 0.178484
2 0.256244 0.606242 0.043575 0.155096
2 0.223378 0.600702 0.063516 0.129247