1 0.176276 0.585684 0.042657 0.039947
1 0.600689 0.588319 0.097489 0.078779
0 0.053422 0.592011 0.106844 0.462826
0 0.782866 0.574163 0.016740 0.089857
0 0.806499 0.569239 0.026588 0.099705
0 0.829148 0.566777 0.028557 0.084933
0 0.845396 0.576625 0.021664 0.082472
0 0.865091 0.574778 0.023634 0.083703
0 0.888232 0.574778 0.030527 0.093550
0 0.906942 0.568624 0.022649 0.096012
0 0.934515 0.569239 0.032496 0.097243
0 0.977351 0.573548 0.041359 0.105859
2 0.145249 0.590780 0.045298 0.113245
2 0.445593 0.589550 0.037420 0.088626
2 0.493353 0.587703 0.024618 0.072624