1 0.075693 0.561506 0.151386 0.697932
1 0.813981 0.609917 0.107829 0.081241
1 0.758787 0.607086 0.054358 0.065731
1 0.746084 0.599700 0.053767 0.064254
1 0.695862 0.603393 0.021861 0.040620
0 0.714474 0.604501 0.020089 0.073855
0 0.642022 0.611517 0.098228 0.284343
0 0.552287 0.607824 0.087149 0.297267
0 0.121958 0.591822 0.077794 0.372969
0 0.878283 0.594230 0.020089 0.076071
2 0.157900 0.615825 0.031512 0.125554
2 0.270027 0.610779 0.023212 0.064360
2 0.330377 0.608932 0.028276 0.061722
2 0.823153 0.613047 0.059577 0.089242