1 0.069287 0.539305 0.138574 0.813842
1 0.206534 0.603432 0.058111 0.091477
1 0.965315 0.608971 0.069370 0.110611
1 0.822472 0.602540 0.230737 0.162058
1 0.362927 0.599938 0.057684 0.120900
1 0.284113 0.602487 0.040173 0.095177
4 0.666386 0.554238 0.099918 0.147910
4 0.361382 0.549134 0.077256 0.183923
0 0.587058 0.593521 0.089617 0.360128
0 0.438680 0.620603 0.112279 0.465594
0 0.439195 0.598738 0.119489 0.447588
2 0.247030 0.606345 0.060775 0.144051
2 0.169744 0.608265 0.060775 0.137620
2 0.131116 0.621127 0.030902 0.135048