1 0.069752 0.537071 0.139504 0.817331
1 0.770726 0.588639 0.039143 0.062777
0 0.298668 0.603718 0.187592 0.648080
0 0.108122 0.526170 0.072378 0.223412
0 0.146526 0.596333 0.060561 0.312038
0 0.186408 0.580639 0.060561 0.310192
0 0.416098 0.589870 0.100443 0.384047
0 0.507679 0.592640 0.079764 0.352659
0 0.563809 0.579715 0.085672 0.356351
0 0.650219 0.639723 0.196455 0.709010
0 0.684931 0.630491 0.144756 0.675775
0 0.828210 0.600025 0.127031 0.489291
0 0.931608 0.631414 0.132939 0.574224
0 0.979836 0.628644 0.040327 0.531758
5 0.456472 0.586485 0.080256 0.129862
4 0.411544 0.545250 0.120384 0.192024