1 0.076587 0.554046 0.153173 0.706592
1 0.821240 0.584746 0.080849 0.037853
1 0.637060 0.606414 0.065129 0.072902
1 0.722422 0.604321 0.058391 0.056780
1 0.666125 0.595011 0.024722 0.043087
1 0.691365 0.604009 0.025546 0.052990
1 0.753207 0.604697 0.066612 0.061736
2 0.960603 0.631075 0.078795 0.194874
2 0.402878 0.612063 0.052777 0.122672
2 0.172077 0.618375 0.061760 0.133888
2 0.353474 0.601900 0.023581 0.061687
0 0.237810 0.619430 0.120434 0.400702
0 0.582703 0.621552 0.117905 0.320700
0 0.565438 0.604728 0.103588 0.335421