1 0.832437 0.588021 0.069587 0.060593
1 0.079056 0.554153 0.158113 0.686816
1 0.876208 0.612005 0.156646 0.106199
1 0.668582 0.610392 0.106957 0.105148
2 0.940630 0.614633 0.118739 0.176648
2 0.374957 0.625833 0.215599 0.225016
2 0.275130 0.622648 0.056426 0.128280
0 0.796748 0.599700 0.016282 0.066594
0 0.560712 0.611582 0.105273 0.322803
0 0.586399 0.616313 0.080849 0.311237
0 0.445726 0.637399 0.124643 0.340678
0 0.363588 0.609535 0.138960 0.381686
0 0.182037 0.653676 0.084218 0.219758
0 0.184984 0.620029 0.081692 0.270229
0 0.126512 0.508687 0.050531 0.076758