4 0.161743 0.535081 0.184638 0.230798
0 0.206795 0.590780 0.073855 0.148941
0 0.674052 0.583395 0.047267 0.139094
0 0.712949 0.587703 0.030527 0.123092
0 0.939931 0.594473 0.039389 0.121861
0 0.906450 0.592627 0.055145 0.120630
0 0.837518 0.569239 0.019695 0.086164
0 0.821270 0.590165 0.038405 0.115706
0 0.794682 0.585857 0.028557 0.126785
2 0.523880 0.607398 0.176268 0.329887
2 0.764156 0.586472 0.089611 0.147710
2 0.972427 0.587703 0.055145 0.123092
1 0.656327 0.590165 0.106351 0.091088
1 0.370261 0.580933 0.030527 0.038159