0 0.814569 0.622872 0.072989 0.218707
0 0.754760 0.612607 0.023020 0.077809
0 0.680913 0.595780 0.015721 0.048368
0 0.658984 0.612980 0.025827 0.074304
0 0.450349 0.596884 0.015159 0.046265
0 0.499203 0.599332 0.019651 0.056780
0 0.484605 0.600384 0.012913 0.046265
0 0.471973 0.597580 0.015721 0.056079
0 0.437724 0.588467 0.013475 0.050471
0 0.403480 0.635266 0.038403 0.126177
0 0.367435 0.638210 0.039077 0.120289
0 0.316904 0.639472 0.047162 0.148048
0 0.265026 0.632322 0.076807 0.227960
0 0.209442 0.645781 0.046488 0.202724
1 0.522504 0.584261 0.044916 0.053275
1 0.122090 0.585255 0.106115 0.072201
1 0.053325 0.569132 0.106650 0.084819
1 0.010093 0.573689 0.020186 0.054677