1 0.383711 0.574771 0.123801 0.129332
1 0.597625 0.571091 0.152435 0.124074
1 0.511302 0.565308 0.072428 0.095684
1 0.469193 0.564256 0.042109 0.080964
1 0.247699 0.551638 0.030318 0.041008
1 0.283913 0.562679 0.035372 0.060986
1 0.422005 0.524717 0.074954 0.067294
1 0.440071 0.562366 0.038456 0.069168
1 0.321955 0.568368 0.032047 0.088031
1 0.305245 0.567225 0.026095 0.068596
0 0.922773 0.558532 0.015496 0.081595
0 0.938606 0.557270 0.022907 0.082436
0 0.993318 0.558104 0.013364 0.074865
0 0.140892 0.553837 0.041772 0.130383
0 0.012145 0.536585 0.024290 0.141318
0 0.108508 0.547941 0.021560 0.081595
2 0.075495 0.549203 0.020212 0.087483
2 0.063367 0.547521 0.020212 0.074024