1 0.076809 0.548006 0.153619 0.720089
1 0.961595 0.613860 0.076809 0.109552
1 0.824717 0.613245 0.224520 0.128016
1 0.710980 0.606475 0.044313 0.057853
1 0.638602 0.599705 0.035450 0.044313
1 0.576563 0.600320 0.039389 0.048006
1 0.943870 0.582472 0.061054 0.044313
1 0.689497 0.600410 0.028468 0.047705
2 0.180207 0.618168 0.071886 0.123092
2 0.210241 0.608321 0.031512 0.071393
2 0.262925 0.613860 0.042344 0.097243
2 0.300345 0.606475 0.028557 0.077548
2 0.337765 0.610167 0.038405 0.082472
2 0.397834 0.607706 0.032496 0.089857
2 0.383063 0.604013 0.024618 0.072624