1 0.076587 0.554046 0.153173 0.706592
1 0.583572 0.598169 0.050531 0.062037
1 0.816713 0.612252 0.188649 0.107671
1 0.721041 0.608046 0.060637 0.085800
4 0.432337 0.549307 0.255181 0.260766
2 0.196069 0.619751 0.077481 0.155618
2 0.147644 0.619225 0.039583 0.127229
2 0.230599 0.601876 0.025265 0.071500
2 0.777298 0.615196 0.136770 0.172442
0 0.297571 0.671871 0.106957 0.192420
0 0.387263 0.614040 0.092640 0.301774
0 0.470218 0.605102 0.100220 0.353296
0 0.966681 0.610972 0.050531 0.128701
5 0.641539 0.611831 0.083544 0.115242