4 0.367553 0.546160 0.165928 0.214796
4 0.457164 0.557546 0.036928 0.132939
4 0.203348 0.547083 0.194978 0.209256
1 0.069424 0.536928 0.138848 0.806869
1 0.952240 0.607706 0.095519 0.108937
2 0.480551 0.600012 0.052191 0.128016
0 0.652388 0.658481 0.057115 0.158789
0 0.756278 0.607398 0.123092 0.334811
0 0.789759 0.614783 0.172329 0.349581
0 0.735598 0.590780 0.048252 0.264648
0 0.955194 0.604321 0.064008 0.153865
0 0.858690 0.600012 0.018710 0.081241
0 0.844412 0.592011 0.013786 0.048006
0 0.635647 0.596935 0.027573 0.139094
0 0.404234 0.593858 0.126046 0.455441
0 0.162974 0.603705 0.100443 0.334810
0 0.187592 0.585241 0.061054 0.219104