1 0.219288 0.620639 0.184017 0.176648
1 0.588284 0.595664 0.024002 0.041533
1 0.622392 0.610910 0.089692 0.076232
1 0.743062 0.604349 0.068217 0.075706
1 0.884369 0.578350 0.051794 0.032070
1 0.828153 0.614100 0.185280 0.100416
1 0.079485 0.553968 0.158969 0.704489
0 0.308601 0.605638 0.017265 0.055218
0 0.706840 0.603258 0.017686 0.057831
2 0.291126 0.603806 0.024423 0.049419
2 0.335974 0.606930 0.018949 0.055728
2 0.386330 0.612723 0.083376 0.123023
2 0.684732 0.609041 0.037477 0.090427
2 0.953232 0.610188 0.074112 0.099890
2 0.954930 0.632269 0.090140 0.192420