0 0.068208 0.566816 0.044313 0.169129
0 0.025241 0.573647 0.050483 0.179099
0 0.901763 0.537703 0.021336 0.029952
0 0.921647 0.536983 0.016987 0.031388
0 0.936787 0.537950 0.014349 0.027960
0 0.812921 0.540324 0.013083 0.020046
0 0.824325 0.541253 0.009970 0.017541
0 0.838173 0.544946 0.015510 0.015694
2 0.798023 0.568804 0.024478 0.064887
2 0.895723 0.588850 0.169234 0.187276
2 0.606714 0.624854 0.163220 0.432053
2 0.458265 0.587465 0.108567 0.167097
2 0.264746 0.572646 0.042836 0.103397
1 0.369705 0.573077 0.126609 0.130829
1 0.300281 0.566482 0.051066 0.073328
1 0.506028 0.565902 0.047267 0.084934
4 0.452434 0.504141 0.138306 0.097058