1 0.068643 0.541267 0.137287 0.822671
1 0.746022 0.594596 0.056130 0.059084
1 0.608680 0.586367 0.026166 0.024267
1 0.797718 0.597627 0.081438 0.072378
0 0.471689 0.594473 0.117184 0.427129
0 0.971655 0.664967 0.056689 0.466519
0 0.710851 0.583517 0.009232 0.040159
0 0.720637 0.586287 0.013294 0.048467
0 0.902391 0.584803 0.027854 0.085989
0 0.915263 0.588760 0.017303 0.078076
0 0.928557 0.587441 0.021102 0.080713
0 0.837190 0.583335 0.012802 0.045954
2 0.206629 0.599376 0.038827 0.088099
2 0.262970 0.594892 0.027432 0.077021
2 0.329440 0.593310 0.018569 0.052754
2 0.354762 0.592782 0.021946 0.053809
2 0.375230 0.591463 0.019835 0.054336
2 0.729992 0.599673 0.024372 0.070624
2 0.686048 0.591826 0.016987 0.050314