0 0.907073 0.610130 0.012361 0.064952
0 0.894712 0.603699 0.016481 0.084244
0 0.926111 0.604986 0.023692 0.089389
0 0.875380 0.596626 0.044808 0.153698
0 0.571589 0.581713 0.163439 0.418435
0 0.403343 0.589430 0.230737 0.485316
0 0.297752 0.594977 0.075196 0.286816
0 0.281786 0.597550 0.127730 0.338263
0 0.470724 0.592078 0.101800 0.441620
1 0.674167 0.590521 0.045324 0.039871
1 0.069398 0.537243 0.138797 0.809636
1 0.741103 0.593985 0.048004 0.057831
1 0.809332 0.595400 0.090113 0.087273
1 0.765538 0.590669 0.031161 0.069397
2 0.191793 0.609462 0.052877 0.118328