0 0.413281 0.612200 0.015048 0.047421
0 0.937945 0.566311 0.060260 0.163344
0 0.371467 0.611326 0.017511 0.045016
0 0.309114 0.615168 0.027812 0.069453
0 0.274839 0.615489 0.028327 0.089389
0 0.249344 0.613881 0.028842 0.096463
1 0.085243 0.615397 0.170487 0.119357
1 0.213230 0.615885 0.042470 0.062978
1 0.281455 0.616407 0.038631 0.051676
1 0.826519 0.605554 0.184230 0.133762
1 0.671658 0.613996 0.198364 0.103629
1 0.601292 0.621320 0.081229 0.081580
1 0.588931 0.612868 0.095356 0.072026
1 0.577453 0.606254 0.117135 0.074966
1 0.350130 0.610981 0.027469 0.032011
1 0.460920 0.610735 0.020602 0.047037
1 0.320702 0.613239 0.013906 0.038585
1 0.330746 0.609702 0.021632 0.036656
3 0.155712 0.573123 0.110424 0.172862