1 0.069763 0.535968 0.139526 0.809653
1 0.797658 0.600050 0.082995 0.069968
1 0.745073 0.595346 0.058508 0.056592
0 0.467930 0.595466 0.124983 0.427859
0 0.914359 0.589258 0.018313 0.082887
0 0.929925 0.590115 0.023806 0.085745
0 0.982737 0.584113 0.026782 0.098892
0 0.903401 0.584803 0.022662 0.086817
0 0.989329 0.604504 0.021343 0.065166
0 0.993106 0.558202 0.013789 0.046302
0 0.708421 0.586753 0.012361 0.046874
2 0.231604 0.597006 0.032962 0.082315
2 0.328843 0.592890 0.031314 0.086431
2 0.389824 0.600093 0.070869 0.119357
2 0.689120 0.591832 0.021426 0.055563
2 0.660582 0.589923 0.016481 0.041729