1 0.983756 0.629924 0.032488 0.107064
1 0.115848 0.474678 0.231695 0.858567
1 0.799273 0.600693 0.059823 0.063700
1 0.623128 0.594692 0.042836 0.048006
0 0.394226 0.601770 0.129001 0.432053
0 0.460203 0.601770 0.113245 0.382816
0 0.554245 0.607925 0.114229 0.414820
0 0.725590 0.612233 0.088626 0.393895
0 0.970543 0.573521 0.018218 0.072624
0 0.989333 0.558442 0.021333 0.057238
0 0.984533 0.561672 0.015756 0.056007
0 0.891229 0.582905 0.022157 0.081241
0 0.903292 0.588137 0.022649 0.075702
0 0.930618 0.589368 0.019202 0.078163
2 0.682397 0.596077 0.017356 0.059084