1 0.069398 0.537243 0.138797 0.809636
1 0.404596 0.591007 0.033687 0.127579
1 0.642211 0.587629 0.035933 0.062388
1 0.752270 0.590768 0.053900 0.074304
1 0.809819 0.594624 0.076919 0.090427
1 0.902538 0.611824 0.194925 0.100942
0 0.489671 0.592078 0.088176 0.441620
0 0.221562 0.591708 0.139241 0.372923
0 0.354065 0.593811 0.096570 0.349090
0 0.448390 0.623252 0.139241 0.466855
0 0.583700 0.595914 0.099939 0.445826
0 0.713396 0.600821 0.128012 0.326658
0 0.879098 0.615429 0.140364 0.367315
0 0.910539 0.616831 0.122397 0.342080
2 0.159793 0.585046 0.032564 0.069397
2 0.740419 0.602811 0.096570 0.201883
2 0.625929 0.604803 0.021335 0.068696