0 0.110972 0.616174 0.049933 0.174545
0 0.652927 0.577899 0.039583 0.129782
0 0.222491 0.588031 0.051373 0.174149
0 0.409971 0.602383 0.028634 0.106199
0 0.804370 0.546330 0.030992 0.054647
0 0.781463 0.550221 0.026950 0.048969
0 0.761587 0.557160 0.024929 0.047707
0 0.043943 0.604675 0.058616 0.180013
0 0.086027 0.616480 0.033687 0.171601
0 0.137325 0.552712 0.023581 0.052574
0 0.617552 0.602579 0.026950 0.087273
0 0.674042 0.593631 0.023581 0.084118
2 0.169328 0.602050 0.048847 0.132648
1 0.846299 0.602569 0.307401 0.194523