0 0.944558 0.584299 0.027812 0.088746
0 0.884814 0.595231 0.087557 0.326688
0 0.813223 0.598447 0.109188 0.358842
0 0.769445 0.590730 0.091677 0.353697
0 0.651428 0.593867 0.086527 0.316398
0 0.593228 0.581005 0.077256 0.339550
0 0.509221 0.583610 0.144211 0.392711
0 0.454283 0.610191 0.108501 0.329260
0 0.232435 0.602513 0.120862 0.409860
0 0.174039 0.580274 0.092020 0.382422
0 0.150690 0.598281 0.133223 0.459592
0 0.682976 0.594643 0.131850 0.463347
1 0.070205 0.533079 0.140411 0.801225
4 0.381714 0.547391 0.149259 0.212398