1 0.753626 0.581425 0.035023 0.025723
1 0.079485 0.553968 0.158969 0.704489
1 0.681248 0.587891 0.037056 0.040377
1 0.714598 0.610603 0.107799 0.077389
1 0.794774 0.608080 0.076807 0.072342
0 0.144962 0.627290 0.055584 0.280744
0 0.206020 0.627290 0.088429 0.272332
0 0.311293 0.614673 0.133907 0.310185
0 0.568389 0.612330 0.045815 0.139636
0 0.643512 0.614013 0.127338 0.297778
0 0.633405 0.619901 0.094998 0.252354
0 0.859222 0.610689 0.024929 0.079071
0 0.885835 0.607745 0.029645 0.098418
2 0.395223 0.607938 0.028875 0.055278
2 0.498320 0.620742 0.137444 0.176648