1 0.383711 0.574771 0.123801 0.129332
1 0.597625 0.571091 0.152435 0.124074
1 0.511302 0.565308 0.072428 0.095684
1 0.469193 0.564256 0.042109 0.080964
1 0.247699 0.551638 0.030318 0.041008
1 0.283913 0.562679 0.035372 0.060986
1 0.422005 0.524717 0.074954 0.067294
1 0.440071 0.562366 0.038456 0.069168
1 0.321955 0.568368 0.032047 0.088031
1 0.305245 0.567225 0.026095 0.068596
0 0.922773 0.558532 0.015496 0.081595
0 0.938606 0.557270 0.022907 0.082436
0 0.156256 0.551481 0.045936 0.120533
0 0.960763 0.555271 0.020511 0.068841
0 0.103157 0.546798 0.011229 0.082716
2 0.033922 0.554569 0.039551 0.095446
2 0.015114 0.549452 0.023269 0.083248
2 0.063814 0.548648 0.026950 0.075005