1 0.070205 0.533079 0.140411 0.801225
1 0.213443 0.608827 0.125815 0.106550
1 0.272621 0.602871 0.048826 0.092530
1 0.473291 0.593429 0.025409 0.033441
1 0.606563 0.589516 0.036396 0.042872
1 0.675578 0.595518 0.063178 0.051447
1 0.808870 0.594212 0.031589 0.069453
0 0.770942 0.599013 0.167313 0.493493
0 0.881285 0.599836 0.020212 0.078554
0 0.837973 0.584436 0.023100 0.074505
0 0.904515 0.646538 0.125257 0.318971
0 0.947313 0.608467 0.105374 0.337492
4 0.382410 0.546208 0.165910 0.209244
2 0.631628 0.591231 0.019228 0.046302