0 0.894392 0.582052 0.018541 0.071382
0 0.921351 0.576405 0.026488 0.105099
0 0.760115 0.578550 0.013185 0.082315
0 0.781128 0.579579 0.014009 0.078199
0 0.796374 0.578550 0.016481 0.076141
0 0.826452 0.574177 0.026370 0.084887
0 0.810795 0.571605 0.014833 0.076656
0 0.870745 0.570833 0.035847 0.093633
0 0.903090 0.568775 0.020602 0.091576
0 0.956448 0.572634 0.037495 0.109582
2 0.119118 0.587042 0.022250 0.044759
2 0.145076 0.583698 0.018129 0.040129
2 0.165678 0.582154 0.016481 0.039100
2 0.185043 0.585756 0.018129 0.044244
2 0.414083 0.583161 0.018541 0.045273
2 0.595404 0.586764 0.029254 0.072026