1 0.383871 0.568659 0.130576 0.129247
1 0.586826 0.574198 0.119350 0.103397
1 0.499086 0.569398 0.084490 0.090842
1 0.461272 0.568720 0.036632 0.079025
1 0.313132 0.558381 0.041781 0.061722
1 0.245115 0.553756 0.027080 0.036312
1 0.264810 0.552525 0.024126 0.032619
2 0.283274 0.565142 0.032496 0.086164
2 0.399374 0.581021 0.091088 0.135401
0 0.069684 0.551092 0.032496 0.101815
0 0.112415 0.542396 0.031906 0.087149
0 0.141013 0.552358 0.021381 0.078585
0 0.167707 0.546234 0.030032 0.103265
0 0.515057 0.572479 0.049307 0.176329
0 0.677714 0.575561 0.060772 0.153513
0 0.747378 0.570352 0.039783 0.180515
0 0.773424 0.579984 0.024126 0.142787
0 0.928027 0.574290 0.053176 0.152326