1 0.077548 0.554468 0.155096 0.714549
1 0.851157 0.606905 0.089611 0.097243
1 0.744190 0.601212 0.050960 0.074779
1 0.710217 0.604905 0.042097 0.054468
1 0.633776 0.607675 0.087149 0.074778
1 0.591679 0.602597 0.035451 0.057238
1 0.571369 0.601212 0.025849 0.041544
1 0.691926 0.605264 0.025637 0.050875
2 0.183506 0.619215 0.065977 0.124323
2 0.284441 0.613060 0.039390 0.094781
2 0.352880 0.614291 0.075825 0.158789
0 0.771886 0.617984 0.151649 0.336041
0 0.912949 0.597981 0.028065 0.092319
0 0.940276 0.597520 0.025111 0.091396