1 0.976120 0.636632 0.047760 0.083703
1 0.923683 0.632324 0.053176 0.075086
1 0.038405 0.638171 0.076809 0.182176
0 0.836041 0.630785 0.053176 0.128016
0 0.765633 0.644941 0.034466 0.082472
0 0.783358 0.633863 0.042344 0.099705
0 0.692762 0.639402 0.016741 0.066470
0 0.709010 0.643710 0.019695 0.060315
0 0.221073 0.656635 0.030527 0.086164
0 0.281635 0.622784 0.043328 0.114476
0 0.216150 0.635094 0.040374 0.121861
0 0.193008 0.617245 0.033481 0.118168
0 0.170359 0.620322 0.037420 0.112014
0 0.161004 0.622169 0.034466 0.100936
0 0.122600 0.649249 0.038405 0.105859
0 0.097981 0.637555 0.026588 0.124323
0 0.118661 0.593242 0.024618 0.035697
0 0.074840 0.659712 0.025603 0.072624