1 0.069398 0.537243 0.138797 0.809636
1 0.354286 0.598705 0.036766 0.087436
1 0.418494 0.600952 0.119457 0.107852
1 0.962496 0.626285 0.075008 0.115241
1 0.917988 0.595932 0.117841 0.112154
1 0.840094 0.583067 0.028018 0.057621
1 0.700827 0.605189 0.082406 0.118328
0 0.615054 0.595799 0.170993 0.497015
0 0.417256 0.594968 0.042851 0.147138
0 0.436622 0.598055 0.051916 0.136849
2 0.759948 0.627855 0.186787 0.447588
2 0.156355 0.603707 0.055212 0.121415
2 0.248238 0.597019 0.034611 0.075113
2 0.286557 0.590330 0.033787 0.069968