1 0.069752 0.537071 0.139504 0.817331
1 0.696910 0.598447 0.087642 0.078779
1 0.609514 0.589523 0.033973 0.036312
4 0.433900 0.561946 0.083456 0.126354
5 0.408321 0.594781 0.116494 0.134786
2 0.145580 0.613249 0.048006 0.139402
2 0.180514 0.603002 0.033087 0.099705
2 0.215964 0.608910 0.055539 0.132201
2 0.254074 0.603002 0.045495 0.117430
2 0.309022 0.604479 0.060857 0.114476
0 0.835758 0.606756 0.118168 0.466519
0 0.943974 0.603063 0.112051 0.326194
0 0.755502 0.645530 0.082718 0.256647
0 0.758825 0.603063 0.045052 0.297267