1 0.116947 0.476852 0.233895 0.855490
1 0.746654 0.583314 0.153619 0.114065
1 0.966608 0.603073 0.066783 0.112126
4 0.427599 0.548438 0.095848 0.124733
2 0.272855 0.591180 0.094535 0.228951
2 0.306272 0.580139 0.029542 0.096012
2 0.370459 0.569732 0.022559 0.059084
2 0.605292 0.576224 0.011817 0.036059
0 0.715826 0.579984 0.115636 0.410424
0 0.894879 0.573565 0.016037 0.079658
0 0.907540 0.574093 0.016881 0.083879
0 0.880530 0.569609 0.022790 0.079131
0 0.956707 0.549035 0.020679 0.052754
0 0.972744 0.541913 0.019835 0.040620
0 0.985633 0.536374 0.028733 0.036928