0 0.057451 0.604234 0.114902 0.419292
0 0.185095 0.595390 0.049444 0.138172
0 0.209522 0.590245 0.028842 0.148461
0 0.222472 0.597962 0.045324 0.144786
0 0.340253 0.583992 0.048855 0.144786
0 0.573450 0.589496 0.057096 0.145521
0 0.552870 0.582936 0.053564 0.151401
0 0.654718 0.593579 0.058273 0.130087
0 0.639708 0.588802 0.052975 0.138172
0 0.712736 0.572970 0.022367 0.091869
0 0.751584 0.587302 0.060039 0.145521
0 0.888205 0.581036 0.029431 0.088930
0 0.927054 0.592060 0.054153 0.119798
0 0.937060 0.595000 0.045912 0.108038
0 0.955896 0.568174 0.025899 0.105834
0 0.985600 0.543186 0.028800 0.064676
2 0.102026 0.592015 0.095797 0.196784
2 0.463613 0.588398 0.035317 0.075700
4 0.152427 0.530346 0.175996 0.218282
1 0.402103 0.584355 0.054741 0.041158
1 0.631762 0.591007 0.107717 0.085255