0 0.394717 0.610725 0.016176 0.041539
0 0.571832 0.611937 0.030673 0.117756
0 0.540930 0.611365 0.042119 0.126902
0 0.474966 0.627927 0.031131 0.076599
0 0.444751 0.607920 0.036625 0.121186
0 0.284457 0.615906 0.024722 0.067453
0 0.309407 0.614763 0.020602 0.070882
0 0.152316 0.616819 0.042577 0.132047
1 0.320857 0.613202 0.014955 0.038871
1 0.330623 0.608819 0.020449 0.036966
1 0.085243 0.615397 0.170487 0.119357
1 0.223721 0.617322 0.063453 0.065852
1 0.271104 0.617322 0.059332 0.053505
1 0.840061 0.605554 0.211313 0.133762
1 0.671658 0.613996 0.198364 0.103629
1 0.350130 0.610981 0.027469 0.032011
3 0.155712 0.573123 0.110424 0.172862
2 0.429414 0.615923 0.020602 0.074312