1 0.085683 0.613914 0.171365 0.116270
1 0.219016 0.616278 0.050573 0.062379
1 0.269182 0.613384 0.059230 0.055305
1 0.839604 0.605385 0.209621 0.133119
1 0.671049 0.613458 0.198524 0.099620
1 0.601332 0.618470 0.079201 0.084602
1 0.591043 0.612430 0.097056 0.076027
1 0.578680 0.606692 0.117200 0.080600
3 0.155804 0.571130 0.112897 0.172862
0 0.143923 0.621420 0.046501 0.171245
0 0.244022 0.615873 0.027634 0.073492
0 0.274056 0.613303 0.015893 0.058061
0 0.314382 0.610706 0.018836 0.058796
0 0.336496 0.608504 0.020602 0.052917
0 0.467183 0.614005 0.021779 0.084520
0 0.495143 0.629439 0.016481 0.050712
0 0.498674 0.609963 0.030608 0.072026
0 0.456899 0.603370 0.016481 0.058796
0 0.371253 0.609609 0.014715 0.053652
0 0.362129 0.609241 0.011772 0.045567
0 0.350062 0.612549 0.014715 0.047772
0 0.637981 0.612360 0.096141 0.303537
2 0.394181 0.620264 0.058273 0.105834