1 0.079056 0.554153 0.158113 0.686816
1 0.858816 0.604121 0.055247 0.103746
1 0.762919 0.609729 0.186852 0.123934
1 0.635071 0.609178 0.060637 0.061126
2 0.979159 0.613959 0.041682 0.115522
2 0.670330 0.604131 0.013475 0.051032
2 0.414056 0.617035 0.048959 0.116083
2 0.262603 0.613653 0.034586 0.084679
2 0.276130 0.609316 0.017042 0.060367
4 0.580048 0.578054 0.070069 0.094212
0 0.242615 0.609728 0.020662 0.063369
0 0.346634 0.606661 0.016990 0.049374
0 0.332993 0.604588 0.013475 0.047007
0 0.362122 0.602867 0.011493 0.042554
0 0.372228 0.603361 0.011097 0.043544