1 0.077414 0.546894 0.154828 0.723781
1 0.195597 0.606448 0.180207 0.310192
1 0.371619 0.615988 0.103397 0.099705
1 0.757758 0.607987 0.067208 0.075702
1 0.734494 0.602448 0.047267 0.064623
0 0.248896 0.635529 0.032250 0.187408
0 0.291116 0.623373 0.069916 0.206795
0 0.576444 0.647992 0.061546 0.187100
0 0.622726 0.607064 0.045790 0.271418
0 0.648576 0.614449 0.059084 0.275111
0 0.795301 0.606756 0.041359 0.144018
0 0.813519 0.600601 0.038405 0.156327
0 0.849954 0.617834 0.117184 0.296652
0 0.959689 0.617680 0.080622 0.296344
2 0.690427 0.610141 0.041359 0.088626
2 0.570781 0.614449 0.081733 0.174791
4 0.363741 0.559981 0.148203 0.181561