0 0.985179 0.582596 0.025546 0.089518
0 0.068324 0.638176 0.132070 0.310457
0 0.244182 0.631888 0.140139 0.388625
0 0.403575 0.611679 0.126009 0.408965
0 0.568006 0.608268 0.041099 0.139636
0 0.662700 0.609472 0.040425 0.142160
0 0.690660 0.615781 0.030319 0.117765
0 0.712894 0.601902 0.037056 0.125336
0 0.750960 0.598537 0.025602 0.088324
0 0.800852 0.604081 0.102409 0.282637
0 0.867900 0.625516 0.066701 0.244784
0 0.904633 0.621269 0.097019 0.248148
1 0.211567 0.529099 0.209535 0.094212
1 0.333851 0.546763 0.055247 0.060565
1 0.483779 0.563565 0.053226 0.060565
1 0.499873 0.568699 0.060116 0.055344