1 0.069398 0.537243 0.138797 0.809636
1 0.365961 0.598705 0.026782 0.087436
1 0.418494 0.600952 0.119457 0.107852
1 0.695831 0.605779 0.098063 0.120386
1 0.931176 0.607299 0.118665 0.094662
0 0.618752 0.596557 0.134754 0.495499
0 0.318702 0.594969 0.120313 0.325144
0 0.876788 0.602155 0.118665 0.395112
0 0.906866 0.613473 0.135970 0.337492
2 0.757811 0.626886 0.182514 0.445651
2 0.157067 0.603543 0.048414 0.119614
2 0.198800 0.606288 0.045323 0.119357
2 0.236707 0.596513 0.033787 0.079228
2 0.284503 0.594455 0.028842 0.064823