1 0.470581 0.582318 0.198671 0.149249
1 0.603644 0.583395 0.112260 0.131709
1 0.803784 0.594851 0.054653 0.066470
1 0.837019 0.597621 0.031019 0.059084
1 0.663220 0.606228 0.018907 0.076809
1 0.694830 0.596627 0.088035 0.093058
1 0.746529 0.595519 0.063811 0.084933
1 0.950074 0.607336 0.063220 0.064254
1 0.979321 0.602905 0.041359 0.067208
1 0.781758 0.599212 0.016987 0.051699
0 0.631315 0.588503 0.044904 0.135894
0 0.684195 0.595150 0.043132 0.132939
0 0.864993 0.596627 0.015953 0.057607
2 0.911374 0.605121 0.024815 0.065731
5 0.873166 0.606782 0.039586 0.037666