1 0.597459 0.635932 0.088731 0.105981
1 0.677672 0.631302 0.096415 0.090547
1 0.748448 0.629790 0.068203 0.076527
1 0.974400 0.648591 0.051199 0.103465
1 0.829506 0.634577 0.107586 0.088031
1 0.518071 0.644866 0.238520 0.123473
0 0.363853 0.628556 0.026370 0.077170
0 0.938944 0.640369 0.033993 0.148553
0 0.077479 0.624028 0.035252 0.125187
2 0.076216 0.627744 0.081891 0.113183
2 0.037977 0.651937 0.075953 0.103537
2 0.022648 0.603373 0.027297 0.059164
2 0.963222 0.608291 0.017855 0.038871
2 0.330005 0.635460 0.056769 0.086317