0 0.136829 0.599951 0.073855 0.358198
0 0.576859 0.605613 0.046676 0.149188
0 0.732531 0.603586 0.020750 0.146790
0 0.821791 0.609402 0.038756 0.146919
0 0.861479 0.609930 0.056868 0.134786
0 0.893874 0.609622 0.037139 0.131884
0 0.978927 0.613157 0.042147 0.118907
2 0.222649 0.626205 0.156573 0.239291
2 0.389562 0.621035 0.192615 0.225997
2 0.441260 0.605156 0.207386 0.279911
2 0.716494 0.608849 0.076809 0.138848
2 0.785032 0.606264 0.215067 0.272526
1 0.329616 0.609526 0.048006 0.081241
1 0.077720 0.546749 0.155441 0.720089