1 0.069287 0.539305 0.138574 0.813842
1 0.165035 0.607520 0.081582 0.136849
0 0.862083 0.591956 0.095447 0.349090
0 0.180549 0.601139 0.096141 0.346409
0 0.486909 0.595145 0.131850 0.303537
0 0.543906 0.596860 0.135970 0.413290
0 0.607771 0.649164 0.137344 0.288103
0 0.715586 0.606292 0.100261 0.264094
0 0.720393 0.597717 0.096141 0.318971
4 0.750322 0.506855 0.499357 0.397911
2 0.212831 0.603404 0.033787 0.089518
2 0.259390 0.598774 0.036259 0.082315
2 0.300594 0.598774 0.039555 0.109067
2 0.379292 0.603404 0.046972 0.126559
2 0.407310 0.591571 0.027194 0.059678