2 0.104466 0.631884 0.066383 0.092604
2 0.152095 0.630186 0.057227 0.089175
2 0.188056 0.639927 0.073250 0.116613
2 0.417052 0.611910 0.046697 0.045730
2 0.415908 0.635918 0.043492 0.076599
2 0.842502 0.628225 0.031131 0.054305
1 0.515290 0.642796 0.146042 0.098321
1 0.963129 0.725602 0.073742 0.222937
1 0.977416 0.611315 0.035023 0.042872
0 0.702164 0.611584 0.017855 0.053162
0 0.767402 0.613013 0.014650 0.054877
0 0.995060 0.590307 0.009880 0.059164
0 0.045091 0.630984 0.033551 0.116123
0 0.010874 0.619880 0.021748 0.133762