1 0.383711 0.574771 0.123801 0.129332
1 0.597625 0.571091 0.152435 0.124074
1 0.511302 0.565308 0.072428 0.095684
1 0.469193 0.564256 0.042109 0.080964
1 0.243236 0.552521 0.040644 0.046378
1 0.283913 0.562679 0.035372 0.060986
1 0.422005 0.524717 0.074954 0.067294
1 0.440071 0.562366 0.038456 0.069168
1 0.321955 0.568368 0.032047 0.088031
1 0.305245 0.567225 0.026095 0.068596
0 0.922773 0.558532 0.015496 0.081595
0 0.938606 0.557270 0.022907 0.082436
0 0.115585 0.548587 0.032210 0.122858
0 0.047690 0.547702 0.021175 0.079912
0 0.066366 0.549530 0.032924 0.093421
0 0.017387 0.541810 0.020774 0.071500
2 0.248339 0.559888 0.016282 0.039255