1 0.069752 0.537071 0.139504 0.817331
1 0.322203 0.607165 0.029542 0.108321
0 0.385719 0.545003 0.127031 0.198178
0 0.843868 0.597933 0.128508 0.476366
0 0.792415 0.596087 0.113245 0.385278
0 0.641750 0.613935 0.142787 0.443131
0 0.695296 0.547157 0.063762 0.227105
0 0.548939 0.612704 0.127031 0.456672
0 0.454404 0.606549 0.101428 0.349581
0 0.268782 0.613627 0.126046 0.518833
0 0.235054 0.620090 0.169867 0.535451
0 0.160707 0.476687 0.051699 0.144018
0 0.125995 0.590240 0.067947 0.341580
0 0.770751 0.591163 0.063516 0.158789
3 0.455143 0.605934 0.102413 0.128016