1 0.077414 0.546894 0.154828 0.723781
1 0.201959 0.604844 0.167483 0.299114
1 0.379370 0.617916 0.112991 0.103560
1 0.709376 0.609565 0.109109 0.068808
1 0.763931 0.598548 0.038996 0.058346
4 0.360783 0.560832 0.146226 0.185724
2 0.840149 0.607903 0.131955 0.177253
2 0.637223 0.602083 0.017725 0.043698
2 0.598917 0.602637 0.015953 0.045790
2 0.588528 0.597559 0.015263 0.047452
0 0.974481 0.649755 0.051037 0.234490
0 0.739928 0.612344 0.031758 0.125554
0 0.735496 0.604496 0.045052 0.128324
0 0.255191 0.617883 0.062777 0.240030