1 0.861225 0.605210 0.185414 0.098484
1 0.867700 0.617705 0.131261 0.099954
1 0.902428 0.628362 0.146565 0.131557
1 0.914201 0.643796 0.123021 0.125677
1 0.707144 0.605184 0.030608 0.052917
1 0.537260 0.600424 0.048855 0.050712
1 0.469235 0.603037 0.087115 0.064676
1 0.386829 0.603037 0.101242 0.077905
1 0.084788 0.594954 0.169575 0.189067
0 0.668295 0.604816 0.018836 0.058062
0 0.649165 0.603714 0.026488 0.066146
0 0.573185 0.599310 0.017070 0.045567
0 0.473395 0.604099 0.023545 0.084520
0 0.450144 0.601894 0.025310 0.091869
0 0.170605 0.621964 0.090647 0.248231
0 0.033799 0.609102 0.067598 0.273955
3 0.262417 0.545460 0.189534 0.236656