0 0.754308 0.583395 0.052191 0.136632
0 0.792221 0.588319 0.039389 0.119399
0 0.803053 0.575394 0.021664 0.078779
0 0.820286 0.572932 0.022649 0.086164
0 0.875431 0.585241 0.046283 0.125554
0 0.853274 0.584010 0.039389 0.125554
0 0.971443 0.590165 0.053176 0.125554
0 0.988183 0.587088 0.023634 0.112014
0 0.102905 0.592627 0.074840 0.150172
2 0.932053 0.582164 0.108321 0.141556
2 0.498277 0.593242 0.034466 0.065239
2 0.324471 0.600012 0.133924 0.265879
1 0.672083 0.590780 0.126046 0.092319
1 0.544067 0.584626 0.070901 0.062777
4 0.161743 0.535081 0.184638 0.230798