1 0.069752 0.537071 0.139504 0.817331
1 0.261396 0.601380 0.067947 0.113245
0 0.358146 0.590855 0.146233 0.544682
0 0.180894 0.618551 0.098966 0.360044
0 0.140273 0.574238 0.050222 0.337888
0 0.115901 0.649016 0.078287 0.443131
0 0.633626 0.628706 0.135894 0.472674
0 0.649136 0.604703 0.169867 0.465288
0 0.832297 0.596394 0.134417 0.481906
0 0.988527 0.614550 0.022947 0.108321
0 0.961544 0.618243 0.037912 0.099705
2 0.899505 0.610611 0.057115 0.135401
2 0.394335 0.642615 0.199902 0.158789
4 0.433725 0.517061 0.082718 0.144018
5 0.477053 0.593378 0.089611 0.142787