2 0.878403 0.635165 0.204369 0.451434
2 0.570080 0.591672 0.106676 0.176648
2 0.322390 0.581153 0.071866 0.158422
2 0.057314 0.604298 0.114628 0.241139
2 0.745771 0.566670 0.031246 0.064309
1 0.353831 0.575545 0.125766 0.127579
1 0.568868 0.570638 0.151593 0.123373
1 0.481281 0.562928 0.072989 0.096736
1 0.439172 0.565030 0.044916 0.078510
1 0.215152 0.553114 0.037056 0.040657
1 0.392950 0.519460 0.072428 0.050471
1 0.410941 0.566234 0.039658 0.073312
1 0.252375 0.565088 0.034434 0.060266
1 0.290047 0.568579 0.030314 0.081213
1 0.271211 0.569498 0.019719 0.069821