1 0.635115 0.591405 0.027901 0.052724
1 0.658584 0.594585 0.048580 0.082061
1 0.765324 0.588803 0.027394 0.063784
1 0.774723 0.595517 0.025782 0.069155
1 0.068811 0.537882 0.137623 0.821640
1 0.894119 0.599894 0.117296 0.096012
1 0.817211 0.596737 0.075825 0.075702
4 0.418519 0.491107 0.121615 0.133555
2 0.816212 0.599076 0.046423 0.096012
2 0.424638 0.602197 0.225505 0.274495
0 0.201595 0.600967 0.130970 0.322501
0 0.350660 0.598505 0.104136 0.356967
0 0.584904 0.602197 0.094535 0.257263
0 0.704057 0.595889 0.094535 0.394202
0 0.856445 0.598443 0.034269 0.135894
0 0.873485 0.604439 0.047077 0.136069
0 0.888372 0.600993 0.047689 0.145073
0 0.944790 0.573403 0.020679 0.050116
0 0.960616 0.591603 0.024478 0.124499
0 0.971024 0.605055 0.057953 0.135577