1 0.575849 0.633726 0.144294 0.107251
1 0.919460 0.625664 0.040986 0.053275
1 0.940454 0.614065 0.030199 0.044096
1 0.772457 0.642833 0.103308 0.096035
4 0.636206 0.589914 0.224582 0.176648
4 0.831311 0.597975 0.155523 0.126878
0 0.352752 0.630633 0.012801 0.079912
0 0.009681 0.648101 0.019361 0.109354
0 0.994342 0.659383 0.011316 0.185060
2 0.148817 0.632194 0.057270 0.090159
2 0.457688 0.636529 0.039863 0.104447
2 0.493060 0.636179 0.047724 0.093932
2 0.777510 0.645987 0.071866 0.124775
2 0.966502 0.633309 0.042109 0.089726