2 0.630160 0.618973 0.035709 0.091747
1 0.641154 0.597894 0.021975 0.068596
1 0.672057 0.596179 0.065925 0.099464
1 0.787474 0.608191 0.124983 0.113183
1 0.871597 0.599188 0.098201 0.093462
1 0.069287 0.539305 0.138574 0.813842
0 0.989879 0.608217 0.020243 0.113183
0 0.978204 0.605216 0.043591 0.129475
0 0.936150 0.599214 0.059744 0.143194
0 0.865075 0.597070 0.072792 0.145766
0 0.704339 0.602153 0.082406 0.197213
0 0.597130 0.588533 0.085153 0.368703
0 0.531892 0.631405 0.201895 0.509324
0 0.417210 0.581673 0.173053 0.509324
0 0.350532 0.707768 0.070045 0.336120
0 0.270872 0.636599 0.155198 0.601929
0 0.204260 0.637457 0.126356 0.487031
0 0.164431 0.596299 0.096141 0.363558
4 0.380127 0.549090 0.085153 0.190353