1 0.076996 0.556154 0.153991 0.696077
1 0.420314 0.610443 0.012913 0.059584
1 0.428346 0.600483 0.026044 0.055670
1 0.690362 0.606387 0.170121 0.136692
1 0.925774 0.609488 0.059795 0.088324
4 0.330331 0.554504 0.169279 0.216604
4 0.436190 0.585519 0.042671 0.058883
4 0.167518 0.560511 0.116221 0.189266
0 0.163728 0.617291 0.061479 0.264972
0 0.182256 0.628857 0.090113 0.313340
0 0.245841 0.616239 0.084218 0.319649
0 0.599185 0.621521 0.117063 0.300722
0 0.611471 0.665178 0.122959 0.196626
0 0.835070 0.618118 0.329859 0.763764
2 0.603470 0.647828 0.147382 0.153515