1 0.069249 0.615155 0.138499 0.118874
1 0.210002 0.617322 0.036015 0.065852
1 0.840061 0.605554 0.211313 0.133762
1 0.671658 0.613996 0.198364 0.103629
1 0.601292 0.621320 0.081229 0.081580
1 0.588931 0.612868 0.095356 0.072026
1 0.577453 0.606254 0.117135 0.074966
1 0.460920 0.610735 0.020602 0.047037
3 0.155712 0.573123 0.110424 0.172862
0 0.987317 0.554103 0.025366 0.060266
0 0.423226 0.611690 0.031417 0.102251
0 0.385352 0.619403 0.042233 0.197428
0 0.347754 0.620046 0.069015 0.216720
0 0.312956 0.610721 0.031417 0.097749
0 0.280486 0.617462 0.058199 0.201286
0 0.242091 0.628398 0.052534 0.205145
0 0.141893 0.629363 0.091162 0.192926