1 0.068643 0.541267 0.137287 0.822671
1 0.741392 0.594596 0.065390 0.059084
1 0.797718 0.597627 0.081438 0.072378
0 0.471689 0.594473 0.117184 0.427129
0 0.902391 0.584803 0.027854 0.085989
0 0.915263 0.588760 0.017303 0.078076
0 0.928557 0.587441 0.021102 0.080713
0 0.721049 0.588648 0.021992 0.063187
0 0.989943 0.607694 0.020114 0.062249
0 0.985840 0.583234 0.026257 0.096680
0 0.829557 0.575090 0.013663 0.033696
0 0.996280 0.561741 0.007439 0.045236
2 0.677087 0.594029 0.023219 0.054382
2 0.366491 0.594337 0.030630 0.082190
2 0.325487 0.591865 0.020749 0.058707
2 0.295104 0.592174 0.026184 0.063033
2 0.213049 0.597118 0.034088 0.084044
2 0.148380 0.603948 0.035368 0.093791