4 0.926178 0.513969 0.147644 0.338996
1 0.829439 0.616751 0.171244 0.133888
1 0.781715 0.585207 0.087025 0.048368
1 0.679477 0.618836 0.154416 0.119905
1 0.612656 0.613911 0.060076 0.100241
1 0.591320 0.599891 0.055584 0.077809
1 0.075610 0.563085 0.151220 0.694533
2 0.379311 0.621250 0.050531 0.117765
2 0.346466 0.610385 0.026388 0.056780
2 0.323166 0.608632 0.023581 0.051873
2 0.255491 0.614951 0.026388 0.074304
2 0.231910 0.613899 0.028634 0.096035
2 0.205522 0.618456 0.025265 0.079912
0 0.151966 0.614100 0.134597 0.403001