0 0.145192 0.614488 0.100536 0.331318
0 0.336428 0.611861 0.110424 0.239742
0 0.413066 0.617006 0.067573 0.243858
0 0.440260 0.610832 0.082406 0.252090
0 0.552398 0.608645 0.065925 0.234451
0 0.637804 0.603834 0.032963 0.144051
0 0.991699 0.608628 0.016602 0.124207
0 0.974837 0.603761 0.040614 0.136702
0 0.907720 0.593474 0.021779 0.088195
4 0.432463 0.536218 0.274476 0.304566
2 0.670509 0.608619 0.037083 0.096279
2 0.731725 0.608986 0.051210 0.114653
1 0.702000 0.603106 0.040026 0.049977
1 0.772634 0.611558 0.052975 0.088930
1 0.074901 0.544644 0.149801 0.732595
5 0.823255 0.607516 0.105951 0.135232