1 0.087619 0.601574 0.166461 0.119357
1 0.257376 0.598487 0.131850 0.086431
1 0.939905 0.732503 0.120189 0.253184
1 0.892110 0.659898 0.215781 0.287074
1 0.855434 0.613537 0.289132 0.206817
1 0.806851 0.598037 0.285950 0.147138
1 0.389722 0.597510 0.060775 0.056592
1 0.434016 0.590436 0.036053 0.042444
1 0.598981 0.600180 0.021117 0.056592
0 0.238615 0.598802 0.042851 0.149196
0 0.465664 0.592101 0.051916 0.185209
0 0.570319 0.601876 0.058509 0.180064
0 0.521288 0.594673 0.019778 0.056592
0 0.538181 0.597246 0.017305 0.059678