1 0.340208 0.648804 0.022367 0.072761
1 0.240732 0.644026 0.031785 0.085255
1 0.973212 0.716165 0.053576 0.140964
1 0.935305 0.671920 0.129390 0.182122
1 0.895744 0.675007 0.111248 0.126559
1 0.921290 0.607612 0.132674 0.045273
0 0.767004 0.683714 0.199148 0.541907
0 0.471600 0.642237 0.024264 0.062308
0 0.445047 0.640808 0.015108 0.048017
0 0.358521 0.645381 0.036167 0.098321
0 0.320064 0.645667 0.031589 0.103466
1 0.560216 0.642363 0.101634 0.108896
1 0.411398 0.642809 0.033878 0.044016
1 0.384845 0.642237 0.036625 0.061165
1 0.504563 0.650812 0.033420 0.077170
1 0.282017 0.641103 0.064552 0.086317
1 0.188807 0.653151 0.110791 0.112612
1 0.072360 0.638959 0.144719 0.168489