0 0.016252 0.574368 0.032503 0.178484
0 0.073893 0.565505 0.047797 0.165436
0 0.041162 0.553758 0.017725 0.078779
0 0.990215 0.557137 0.017615 0.066492
0 0.970248 0.560801 0.019835 0.068052
0 0.950413 0.559482 0.017303 0.065415
0 0.864140 0.553111 0.023305 0.063187
0 0.838465 0.554017 0.021049 0.055853
0 0.918888 0.539081 0.013294 0.024003
0 0.856170 0.529874 0.014279 0.028311
0 0.878615 0.556332 0.015510 0.052160
0 0.888817 0.556100 0.007221 0.048827
1 0.591243 0.576407 0.141211 0.114476
1 0.506752 0.571238 0.065583 0.093796
1 0.481937 0.562375 0.060857 0.090842
1 0.378687 0.571668 0.146529 0.129247
1 0.301583 0.565391 0.046677 0.075332
1 0.276936 0.562489 0.022368 0.059612
1 0.246135 0.555253 0.026588 0.037666
2 0.788660 0.589134 0.141082 0.155632
2 0.927753 0.573668 0.046529 0.090011
4 0.444283 0.522150 0.128508 0.136632