1 0.265487 0.615217 0.064006 0.075706
1 0.791422 0.614370 0.101062 0.097577
1 0.645556 0.615212 0.100388 0.109354
1 0.862861 0.610595 0.061984 0.086642
1 0.955691 0.611457 0.088618 0.132065
1 0.077122 0.565306 0.154243 0.700283
2 0.320410 0.611890 0.049857 0.097577
2 0.253894 0.599836 0.188643 0.290365
2 0.480211 0.617284 0.151593 0.213099
0 0.179782 0.619463 0.110051 0.380091
0 0.525133 0.618025 0.142609 0.323855
0 0.573451 0.625789 0.138118 0.339276
0 0.713853 0.618786 0.129135 0.302825
0 0.795872 0.616003 0.095447 0.339276
0 0.935297 0.637026 0.129407 0.328060