2 0.334357 0.605594 0.018528 0.056079
2 0.250696 0.615234 0.037056 0.075706
2 0.225430 0.611028 0.020212 0.071500
2 0.193427 0.615760 0.040425 0.118817
2 0.379580 0.618449 0.043794 0.124074
1 0.615445 0.626303 0.026950 0.083067
1 0.605339 0.611582 0.043793 0.091478
1 0.075610 0.563085 0.151220 0.694533
4 0.806058 0.536937 0.387883 0.324906
0 0.424618 0.609031 0.080007 0.336472
0 0.646596 0.615282 0.094324 0.332266
0 0.763693 0.618432 0.134749 0.353296
0 0.802440 0.669984 0.065690 0.239736
0 0.968192 0.625288 0.063617 0.335421
0 0.151966 0.610670 0.134597 0.409860