1 0.085683 0.613914 0.171365 0.116270
1 0.281003 0.613384 0.035588 0.055305
1 0.462163 0.609155 0.024722 0.045659
1 0.839604 0.605385 0.209621 0.133119
1 0.682151 0.613458 0.176320 0.099620
1 0.591043 0.612430 0.097056 0.076027
1 0.578680 0.606692 0.117200 0.080600
1 0.310633 0.609564 0.028842 0.036013
3 0.155804 0.571130 0.112897 0.172862
0 0.988128 0.550418 0.023745 0.058521
0 0.207067 0.612001 0.029300 0.101179
0 0.242089 0.615431 0.059058 0.204073
0 0.278485 0.614860 0.018312 0.064594
0 0.323967 0.611005 0.010301 0.043215
0 0.336740 0.610491 0.011949 0.045273
0 0.343333 0.608690 0.010301 0.046817
0 0.373425 0.609954 0.016893 0.053505
0 0.427420 0.607382 0.016893 0.056592
0 0.444107 0.606868 0.014009 0.055563
0 0.478122 0.610993 0.024310 0.094662
0 0.495427 0.611250 0.021838 0.079743
0 0.508406 0.627456 0.017305 0.057621
0 0.582207 0.614388 0.054388 0.176463
0 0.679679 0.605424 0.063865 0.236656
0 0.916321 0.582983 0.068280 0.220487