1 0.927252 0.613130 0.145497 0.105989
1 0.691393 0.605180 0.049857 0.058042
1 0.638167 0.606021 0.075460 0.074865
1 0.571803 0.604760 0.035708 0.042059
1 0.076650 0.554153 0.153301 0.686816
1 0.769100 0.601331 0.089960 0.084887
0 0.820479 0.605560 0.020886 0.077389
0 0.361823 0.622868 0.106452 0.328902
0 0.192023 0.620754 0.071417 0.292731
0 0.147556 0.632109 0.055247 0.288525
0 0.232459 0.612194 0.022318 0.070975
0 0.253303 0.606673 0.017686 0.070449
0 0.267199 0.610354 0.013475 0.058883
0 0.282148 0.609828 0.017265 0.065192
0 0.299833 0.609828 0.015580 0.059934
0 0.312677 0.609828 0.013475 0.055728