1 0.069398 0.537243 0.138797 0.809636
1 0.741103 0.593985 0.048004 0.057831
1 0.809332 0.595400 0.090113 0.087273
1 0.765538 0.590669 0.031161 0.069397
1 0.214218 0.604614 0.119489 0.103923
1 0.370838 0.594269 0.083230 0.099807
1 0.386907 0.605073 0.084054 0.107009
1 0.674617 0.589108 0.047796 0.040128
0 0.460987 0.592078 0.121274 0.441620
0 0.901317 0.608859 0.016481 0.068351
0 0.924862 0.604450 0.027076 0.088930
0 0.916150 0.602743 0.019070 0.089402
0 0.226991 0.602557 0.074166 0.145080
2 0.293376 0.594269 0.033786 0.079228
2 0.634238 0.594253 0.039555 0.081286
2 0.741778 0.599398 0.037083 0.075113