2 0.042732 0.594126 0.025849 0.073855
1 0.409166 0.578942 0.031533 0.032408
1 0.369964 0.580448 0.034269 0.036435
1 0.456575 0.583071 0.076809 0.082472
1 0.724916 0.594149 0.146726 0.107090
1 0.565881 0.595995 0.145741 0.125554
1 0.887890 0.584917 0.149680 0.157558
0 0.830800 0.555485 0.021485 0.057741
0 0.947308 0.604265 0.105384 0.522895
0 0.207664 0.599693 0.062460 0.215235
0 0.150267 0.602331 0.062460 0.226841
0 0.081477 0.600221 0.083562 0.224731
4 0.231150 0.557900 0.056399 0.091312
4 0.358181 0.552193 0.031154 0.036928