1 0.076809 0.548006 0.153619 0.720089
1 0.923929 0.613860 0.152142 0.163712
1 0.863122 0.612629 0.207779 0.134170
1 0.732152 0.615707 0.127031 0.110783
1 0.628262 0.606475 0.088626 0.094781
1 0.580995 0.595396 0.035451 0.052930
1 0.686862 0.588963 0.049902 0.059450
2 0.181684 0.618168 0.074840 0.123092
2 0.245199 0.616938 0.054160 0.103397
2 0.352536 0.615707 0.062038 0.103397
2 0.409650 0.613860 0.036435 0.104628
2 0.430822 0.611398 0.031511 0.097243
2 0.649434 0.610783 0.044313 0.098474
2 0.534220 0.612014 0.052191 0.115706
2 0.454456 0.610783 0.056130 0.108321
2 0.289513 0.615707 0.049237 0.113245
2 0.216642 0.616937 0.029542 0.105859
4 0.357952 0.564623 0.154604 0.190793