1 0.120344 0.451167 0.240688 0.850051
1 0.992522 0.612896 0.014955 0.067762
1 0.845967 0.585076 0.029570 0.082249
1 0.396458 0.584179 0.069620 0.104680
0 0.769663 0.581329 0.139802 0.401664
0 0.956619 0.573760 0.018949 0.096736
0 0.966936 0.572709 0.018528 0.101993
0 0.984310 0.572709 0.031380 0.106199
0 0.891819 0.573393 0.023207 0.074772
0 0.318584 0.586704 0.125485 0.345936
0 0.359009 0.593012 0.120432 0.324906
2 0.817145 0.604703 0.037805 0.084118
2 0.664928 0.581829 0.026201 0.062621
2 0.589132 0.593746 0.102933 0.136926
2 0.244098 0.584847 0.028073 0.074304
4 0.612713 0.554725 0.078229 0.109354