0 0.485820 0.577302 0.011226 0.045790
0 0.612851 0.576933 0.011226 0.040620
1 0.108838 0.584503 0.211472 0.168021
1 0.917233 0.644048 0.165534 0.168328
1 0.728586 0.591462 0.031019 0.052622
0 0.528804 0.589888 0.094732 0.287112
0 0.679468 0.596658 0.084884 0.276034
0 0.369769 0.584503 0.041064 0.158173
0 0.254431 0.571609 0.034023 0.126477
0 0.242221 0.603736 0.050172 0.066285
0 0.468341 0.571578 0.046283 0.094781
0 0.420581 0.578348 0.021664 0.078779
1 0.586903 0.575702 0.034466 0.041851
1 0.962580 0.538158 0.055145 0.052929
1 0.986706 0.665559 0.026588 0.123092