0 0.384047 0.596320 0.033481 0.099705
0 0.343673 0.593858 0.027573 0.089857
0 0.369769 0.597550 0.018710 0.084933
0 0.395864 0.595704 0.017725 0.093550
0 0.457410 0.591396 0.030527 0.075086
0 0.442639 0.598166 0.014771 0.044313
0 0.413589 0.596935 0.017725 0.051699
0 0.282127 0.601859 0.014771 0.051699
0 0.297883 0.603090 0.014771 0.049237
0 0.143772 0.587703 0.057115 0.205564
0 0.109798 0.595704 0.028557 0.135401
0 0.060069 0.599397 0.053176 0.187100
1 0.016248 0.619399 0.032496 0.075702
1 0.172821 0.604321 0.036435 0.057853
1 0.225012 0.609860 0.042344 0.041851
1 0.057115 0.603090 0.098474 0.087395