0 0.541394 0.603806 0.061447 0.149926
0 0.558233 0.605283 0.040768 0.136632
0 0.592797 0.614515 0.075628 0.144756
0 0.606682 0.615623 0.030133 0.120384
0 0.531941 0.610822 0.031906 0.128508
0 0.820862 0.612299 0.044904 0.118907
0 0.917711 0.605047 0.035057 0.118681
2 0.225047 0.615408 0.058887 0.105675
2 0.322733 0.619131 0.077400 0.139586
2 0.287283 0.606576 0.023043 0.061300
2 0.722684 0.619285 0.223043 0.244646
2 0.881694 0.611007 0.095076 0.131093
2 0.963508 0.608391 0.072983 0.128324
1 0.399937 0.613315 0.103397 0.089550
1 0.077379 0.555484 0.154758 0.714550