1 0.031019 0.682823 0.062038 0.111460
1 0.175899 0.640202 0.225751 0.111152
1 0.266371 0.645556 0.091581 0.066470
1 0.907927 0.675714 0.184146 0.205564
1 0.857213 0.622784 0.285574 0.185869
1 0.754308 0.610475 0.306253 0.141556
1 0.300960 0.646233 0.107090 0.077548
1 0.329025 0.643464 0.062777 0.062777
1 0.344535 0.644849 0.092319 0.067393
1 0.373708 0.648080 0.066470 0.042467
1 0.379616 0.641156 0.082718 0.037851
3 0.616445 0.614783 0.086657 0.057853
0 0.400788 0.616384 0.014771 0.029542
5 0.483752 0.619307 0.064993 0.047083