1 0.581663 0.575059 0.129493 0.104628
1 0.499684 0.570136 0.080748 0.088626
1 0.375803 0.571674 0.101327 0.132939
1 0.320772 0.563938 0.044641 0.109142
0 0.051207 0.560444 0.033481 0.155096
0 0.063680 0.561265 0.049237 0.161661
0 0.989815 0.567789 0.018513 0.078779
0 0.969727 0.562620 0.016938 0.072378
0 0.018405 0.560114 0.020213 0.055197
0 0.132621 0.558205 0.025906 0.073287
0 0.105016 0.550570 0.020411 0.079898
2 0.229432 0.594004 0.068752 0.177924
2 0.269180 0.570505 0.049416 0.136296
2 0.434079 0.580240 0.092386 0.167853
2 0.746256 0.589247 0.145741 0.168226
2 0.854841 0.572188 0.029148 0.078286
2 0.783504 0.559039 0.025111 0.043698
4 0.559335 0.499675 0.076219 0.046529