1 0.070901 0.536312 0.141802 0.817947
1 0.814207 0.596668 0.109578 0.075496
1 0.678423 0.586276 0.023634 0.055727
1 0.758641 0.597136 0.013927 0.052226
4 0.390695 0.537164 0.150665 0.238799
0 0.220704 0.604711 0.172083 0.399741
0 0.188577 0.585786 0.107829 0.348966
0 0.462950 0.607481 0.127770 0.353582
0 0.434220 0.630714 0.046677 0.275480
0 0.564205 0.645116 0.093944 0.245199
0 0.595077 0.590001 0.087149 0.327733
0 0.646775 0.637084 0.124077 0.312962
0 0.643083 0.626467 0.105367 0.294190
0 0.705244 0.592925 0.058346 0.153250
0 0.823782 0.611389 0.094535 0.363737
0 0.945446 0.600249 0.028557 0.099705
0 0.914181 0.604249 0.025111 0.079394
0 0.882177 0.594094 0.024126 0.088626
2 0.731857 0.591448 0.028065 0.107706