0 0.106574 0.616174 0.058729 0.174545
0 0.652927 0.577899 0.039583 0.129782
0 0.222491 0.588031 0.051373 0.174149
0 0.409971 0.602383 0.028634 0.106199
0 0.804370 0.582516 0.030992 0.127018
0 0.781463 0.582516 0.026950 0.113559
0 0.761587 0.588404 0.024929 0.110195
0 0.043943 0.604675 0.058616 0.180013
0 0.086027 0.616480 0.033687 0.171601
0 0.624904 0.597052 0.028971 0.097577
0 0.708158 0.593301 0.020212 0.086642
2 0.158791 0.602180 0.060637 0.132907
2 0.946384 0.572224 0.037056 0.091689
1 0.972323 0.618489 0.055247 0.105148
1 0.984993 0.555170 0.029908 0.054215
1 0.905286 0.564233 0.058616 0.062247