1 0.983313 0.621546 0.032340 0.087483
1 0.974813 0.567289 0.050375 0.069818
1 0.934160 0.581612 0.017517 0.049630
1 0.367718 0.616518 0.371234 0.171601
1 0.071821 0.625037 0.143642 0.255719
0 0.952352 0.574883 0.029645 0.103465
0 0.919675 0.579089 0.026276 0.110195
0 0.888346 0.586239 0.024255 0.104306
0 0.899126 0.578248 0.022907 0.115242
0 0.854965 0.579061 0.053241 0.128701
0 0.609023 0.603431 0.041098 0.147207
0 0.652479 0.576934 0.036382 0.129542
0 0.697283 0.595440 0.027624 0.082436
0 0.501137 0.550540 0.030319 0.046265
0 0.257560 0.562682 0.044467 0.072341
0 0.220168 0.556794 0.046488 0.102624
0 0.160502 0.556826 0.025602 0.077389
2 0.139917 0.619909 0.039751 0.166554