1 0.076650 0.554153 0.153301 0.686816
1 0.878992 0.611906 0.217620 0.122812
1 0.783944 0.604286 0.085566 0.092530
1 0.738460 0.604266 0.039077 0.070659
1 0.677134 0.611397 0.109147 0.088324
1 0.614796 0.610109 0.061311 0.070659
1 0.578405 0.603780 0.042446 0.052994
1 0.347471 0.611084 0.097193 0.080753
1 0.408512 0.606878 0.031666 0.053836
0 0.441926 0.607298 0.082194 0.308832
0 0.343156 0.615757 0.088261 0.310396
0 0.271385 0.610269 0.121274 0.306190
0 0.205691 0.611100 0.026276 0.077389
0 0.228262 0.616568 0.022907 0.074865
2 0.172004 0.626241 0.064006 0.151412