0 0.949532 0.730798 0.100935 0.468981
0 0.832595 0.670790 0.177253 0.640694
0 0.435254 0.677253 0.141802 0.465288
0 0.027573 0.644941 0.038405 0.127400
0 0.069670 0.646787 0.036928 0.123707
0 0.120630 0.653250 0.038405 0.103397
0 0.125800 0.622784 0.028065 0.112629
0 0.086657 0.632939 0.029542 0.118168
0 0.329641 0.623708 0.036928 0.103397
0 0.375677 0.628631 0.028557 0.096012
0 0.755785 0.612629 0.024618 0.081241
0 0.610044 0.634170 0.038405 0.092319
0 0.516494 0.631708 0.022649 0.092319
0 0.505170 0.625554 0.021664 0.102166
2 0.250123 0.646480 0.104382 0.257262
2 0.693747 0.656327 0.130970 0.227720