1 0.471073 0.584318 0.199163 0.148941
1 0.603644 0.585087 0.109306 0.130785
1 0.695224 0.595858 0.084687 0.092011
1 0.803422 0.595550 0.053914 0.063700
1 0.836288 0.596473 0.032496 0.060007
1 0.680330 0.610783 0.058346 0.073855
1 0.748154 0.595704 0.064993 0.079394
1 0.779419 0.595858 0.025111 0.065547
1 0.929591 0.601705 0.041359 0.043390
1 0.956548 0.605398 0.019941 0.039697
0 0.653127 0.532773 0.019695 0.030465
0 0.901896 0.601243 0.012555 0.051699
2 0.975382 0.610167 0.017725 0.056622
2 0.604957 0.589990 0.055212 0.150225
5 0.873461 0.606321 0.038405 0.041544