1 0.078418 0.558195 0.156835 0.702250
0 0.377426 0.622277 0.061118 0.113183
0 0.330386 0.627850 0.054937 0.108896
0 0.252787 0.611130 0.039830 0.128617
0 0.202656 0.622705 0.101634 0.283815
0 0.137014 0.630840 0.107128 0.423151
0 0.237918 0.612134 0.042969 0.143316
0 0.959421 0.582180 0.024722 0.077170
0 0.928519 0.571247 0.028842 0.065595
2 0.288496 0.608986 0.028842 0.066024
2 0.197010 0.651087 0.089470 0.110978
2 0.833411 0.641543 0.333177 0.589067
2 0.648750 0.617675 0.215286 0.302250
2 0.623480 0.613783 0.135970 0.255948
4 0.386296 0.567267 0.118312 0.153606