1 0.745298 0.599889 0.062531 0.067701
1 0.802905 0.605121 0.073363 0.070778
1 0.314413 0.613810 0.393895 0.220335
1 0.076951 0.554111 0.153901 0.716396
0 0.926460 0.613821 0.077794 0.390202
0 0.753146 0.607543 0.031315 0.138109
0 0.392585 0.616282 0.100443 0.285081
0 0.432762 0.609266 0.077991 0.285820
0 0.260384 0.603358 0.107829 0.350812
0 0.173235 0.603819 0.079764 0.316654
0 0.197977 0.604743 0.084934 0.272341
2 0.698100 0.606589 0.042836 0.087703
2 0.977115 0.600127 0.045770 0.170790
2 0.579078 0.585951 0.019038 0.047185