1 0.666573 0.598535 0.045694 0.049795
1 0.720234 0.599561 0.119274 0.085237
1 0.827323 0.572906 0.130521 0.050088
1 0.418535 0.609813 0.158407 0.074692
1 0.459777 0.598975 0.104042 0.080551
0 0.638336 0.604247 0.025776 0.070592
0 0.394400 0.611424 0.057645 0.151728
0 0.248412 0.614499 0.069830 0.266842
0 0.154681 0.605858 0.075923 0.278852
0 0.326561 0.612595 0.048506 0.152900
0 0.084148 0.582425 0.032806 0.074985
1 0.885032 0.587703 0.112260 0.050468
1 0.555638 0.602474 0.042344 0.040620
1 0.526096 0.606782 0.040374 0.046775
1 0.522157 0.615399 0.030527 0.044313