1 0.076809 0.548006 0.153619 0.720089
1 0.881832 0.607090 0.165436 0.123092
1 0.717381 0.613860 0.183161 0.124323
1 0.797637 0.583087 0.054160 0.045544
1 0.625308 0.601551 0.085672 0.112014
2 0.186608 0.620015 0.064993 0.119399
2 0.245199 0.616938 0.054160 0.103397
2 0.352536 0.615707 0.062038 0.103397
2 0.409650 0.613860 0.036435 0.104628
0 0.445593 0.608321 0.110291 0.322501
0 0.505662 0.629247 0.114230 0.342196
0 0.536681 0.661866 0.099458 0.264648
0 0.568193 0.600936 0.097489 0.369276
0 0.973904 0.625554 0.052191 0.317578
0 0.918759 0.619399 0.089611 0.342196