0 0.421732 0.599206 0.121255 0.349839
0 0.332851 0.587447 0.122432 0.402756
0 0.139340 0.587088 0.109306 0.433900
0 0.275972 0.600012 0.051699 0.138479
0 0.470212 0.597243 0.045298 0.126785
0 0.987691 0.598474 0.024618 0.126785
0 0.932546 0.595396 0.062038 0.155096
1 0.068685 0.531388 0.137371 0.814254
1 0.770556 0.587857 0.118168 0.088319
1 0.205810 0.608321 0.076809 0.114476
1 0.942885 0.599089 0.098474 0.105859
1 0.604136 0.579394 0.035450 0.029542
4 0.407189 0.541544 0.113245 0.210487
2 0.575086 0.589242 0.109306 0.162482
2 0.661743 0.590473 0.032496 0.083703
2 0.889217 0.596627 0.064008 0.128016
2 0.226489 0.589857 0.030527 0.084934