1 0.076587 0.554046 0.153173 0.706592
1 0.912654 0.614506 0.174691 0.117765
1 0.592138 0.598495 0.039077 0.065612
0 0.134029 0.583066 0.113414 0.378531
0 0.168839 0.609703 0.072989 0.336472
0 0.228915 0.606899 0.087587 0.328060
0 0.926034 0.613665 0.064006 0.132907
2 0.352900 0.618787 0.072764 0.129542
2 0.539582 0.611194 0.091629 0.148048
2 0.570237 0.618764 0.046488 0.137954
2 0.672668 0.617486 0.144855 0.199360
2 0.729600 0.614962 0.098367 0.177489
2 0.785183 0.615383 0.100388 0.159824
2 0.814491 0.614121 0.063332 0.137113
4 0.381871 0.559905 0.173826 0.218707