0 0.991246 0.572292 0.017507 0.128035
0 0.922698 0.548490 0.020601 0.045659
0 0.959008 0.572606 0.035538 0.113183
0 0.901041 0.588386 0.025752 0.113826
0 0.907736 0.600605 0.022662 0.084244
0 0.921643 0.609286 0.040173 0.083601
0 0.868851 0.590637 0.048929 0.119614
0 0.818892 0.590315 0.052019 0.124116
0 0.463787 0.604350 0.119489 0.287074
0 0.134081 0.608491 0.084878 0.219164
0 0.151798 0.583796 0.128554 0.381736
0 0.082165 0.606948 0.083230 0.232540
0 0.034696 0.601288 0.069392 0.350868
1 0.372303 0.509646 0.510122 0.334488