0 0.952802 0.596869 0.024722 0.096463
0 0.979586 0.595833 0.031161 0.100942
0 0.158420 0.618821 0.031441 0.090427
0 0.307486 0.608307 0.016282 0.060986
0 0.292607 0.608307 0.017967 0.067995
0 0.233374 0.606554 0.016282 0.064491
0 0.249375 0.610059 0.020212 0.075706
1 0.610212 0.599494 0.413061 0.230225
1 0.076650 0.554153 0.153301 0.686816
2 0.816260 0.613174 0.082534 0.129332
2 0.988312 0.622626 0.023375 0.085520
2 0.349060 0.615334 0.054461 0.140898
2 0.395380 0.608324 0.028073 0.066593
2 0.262570 0.613915 0.034249 0.073603
2 0.201371 0.626182 0.044355 0.093932