1 0.973374 0.631194 0.053252 0.128617
1 0.866365 0.624982 0.234888 0.114474
1 0.782391 0.627533 0.096484 0.097320
1 0.765725 0.625582 0.108502 0.085745
1 0.756111 0.614864 0.141464 0.082315
1 0.547252 0.620440 0.037770 0.037728
1 0.477215 0.622126 0.018770 0.040586
1 0.415847 0.623560 0.065467 0.058306
1 0.368234 0.626418 0.070045 0.068596
1 0.146660 0.623913 0.293321 0.133196
0 0.615626 0.623235 0.026782 0.083601
0 0.632794 0.622163 0.019228 0.065166
0 0.594664 0.615522 0.012361 0.043301
0 0.502871 0.620413 0.012361 0.038299
0 0.492799 0.618699 0.010530 0.042872
0 0.450204 0.619268 0.018770 0.062308
0 0.464397 0.622983 0.020602 0.070882
0 0.213414 0.633114 0.057240 0.208761
0 0.421449 0.625211 0.025039 0.077170
2 0.517020 0.622149 0.020602 0.042015
3 0.287397 0.578985 0.121778 0.184065