1 0.077548 0.554468 0.155096 0.714549
1 0.828754 0.602597 0.109306 0.096012
1 0.711571 0.600135 0.046283 0.064008
2 0.154210 0.619830 0.044313 0.145249
2 0.190153 0.619830 0.049237 0.125554
2 0.651502 0.622907 0.083703 0.180945
2 0.951551 0.622292 0.096898 0.243722
0 0.301920 0.608752 0.115214 0.398818
0 0.348695 0.616753 0.106351 0.360660
0 0.532349 0.616753 0.132939 0.323732
0 0.585524 0.609367 0.097489 0.338503
0 0.742590 0.620446 0.088626 0.313885
0 0.773609 0.648141 0.071886 0.238799
0 0.914919 0.594596 0.023634 0.092319