2 0.560677 0.597145 0.107717 0.161690
2 0.635964 0.590434 0.021014 0.055048
2 0.141999 0.600501 0.025409 0.104609
1 0.071873 0.539372 0.143747 0.818048
1 0.368926 0.602483 0.080887 0.092530
1 0.216491 0.603184 0.129659 0.105148
1 0.291988 0.594071 0.075235 0.084118
1 0.899840 0.603633 0.062658 0.098418
1 0.842571 0.597324 0.069396 0.090848
1 0.778068 0.594380 0.083865 0.074865
1 0.727953 0.589210 0.039143 0.042873
1 0.675076 0.599070 0.089960 0.081458
4 0.370391 0.519940 0.077958 0.111067
0 0.949960 0.600031 0.100079 0.458443
0 0.841633 0.596987 0.035709 0.120043
0 0.431887 0.604283 0.139404 0.316398
0 0.462446 0.588420 0.127730 0.329260