1 0.575849 0.633726 0.144294 0.107251
1 0.781342 0.633025 0.073551 0.063790
1 0.917431 0.625664 0.036929 0.053275
1 0.987823 0.612649 0.024354 0.059724
4 0.636206 0.589914 0.224582 0.176648
4 0.831311 0.597975 0.155523 0.126878
0 0.024000 0.626421 0.031666 0.132065
0 0.045560 0.630206 0.020886 0.121130
0 0.352752 0.630633 0.012801 0.079912
2 0.217702 0.646609 0.059290 0.106830
2 0.947686 0.634941 0.039751 0.092530
2 0.521475 0.641281 0.122622 0.120289
2 0.157916 0.644249 0.131380 0.143001
2 0.100311 0.645510 0.061985 0.121971