1 0.116947 0.476852 0.233895 0.855490
1 0.790521 0.600297 0.078287 0.068316
0 0.474569 0.600017 0.120384 0.380354
0 0.981473 0.607275 0.029936 0.063758
0 0.993100 0.584993 0.013800 0.105367
0 0.969262 0.585240 0.019695 0.098966
0 0.984254 0.569658 0.018167 0.074696
0 0.923391 0.586955 0.024003 0.084933
0 0.910097 0.588340 0.017356 0.079394
0 0.890710 0.584647 0.028065 0.083087
0 0.572431 0.597530 0.046611 0.135401
2 0.303842 0.599373 0.024478 0.061722
2 0.348957 0.596841 0.016459 0.044841
2 0.378253 0.592779 0.013505 0.040093
2 0.393504 0.592284 0.018569 0.042203
2 0.621955 0.596639 0.019470 0.054672