1 0.069752 0.537071 0.139504 0.817331
1 0.772833 0.592495 0.046283 0.068316
1 0.623892 0.592803 0.046775 0.044313
4 0.424840 0.556315 0.087986 0.144879
5 0.429591 0.595612 0.073954 0.133124
2 0.143709 0.609666 0.050960 0.136632
2 0.221233 0.607697 0.049237 0.130478
2 0.194891 0.598465 0.034958 0.109552
2 0.272193 0.604004 0.056622 0.128016
2 0.319953 0.606466 0.062531 0.121861
2 0.669703 0.592636 0.013505 0.040620
0 0.357225 0.644378 0.093058 0.257878
0 0.368796 0.610836 0.092565 0.311423
0 0.512690 0.592987 0.083456 0.326809
0 0.831622 0.605296 0.122107 0.465288