1 0.822107 0.610818 0.043232 0.085520
1 0.905865 0.590502 0.188270 0.199079
1 0.629822 0.604802 0.069059 0.084644
1 0.415436 0.605573 0.037898 0.036802
1 0.077122 0.565306 0.154243 0.700283
1 0.747757 0.603887 0.074166 0.070311
1 0.689729 0.604316 0.048757 0.047160
0 0.796452 0.600949 0.017265 0.064666
0 0.785924 0.613830 0.018107 0.052574
0 0.282004 0.609030 0.015159 0.053415
0 0.297163 0.607978 0.019202 0.045424
2 0.722544 0.607801 0.030318 0.079386
2 0.579486 0.614585 0.148645 0.220810
2 0.336594 0.605006 0.017854 0.047947
2 0.249618 0.617161 0.042530 0.069923