4 0.160617 0.536602 0.161869 0.232246
2 0.043962 0.596501 0.087923 0.160955
2 0.918812 0.584799 0.153040 0.206523
2 0.457761 0.586883 0.027076 0.069821
0 0.095575 0.597971 0.032963 0.137437
0 0.113234 0.597604 0.044735 0.148461
0 0.157709 0.594694 0.032374 0.127882
0 0.151234 0.593959 0.057096 0.133762
0 0.271952 0.584396 0.050032 0.146991
0 0.989132 0.543186 0.021736 0.060266
0 0.845225 0.593957 0.060039 0.119063
0 0.890254 0.579258 0.026488 0.089665
0 0.735414 0.593202 0.057096 0.126412
0 0.718050 0.586220 0.050621 0.135967
0 0.681229 0.590253 0.065336 0.141111
0 0.629711 0.588767 0.063570 0.145521
0 0.499884 0.579196 0.037083 0.149931
0 0.491055 0.585076 0.052387 0.132292
1 0.379181 0.584311 0.041792 0.038218
1 0.619979 0.589814 0.087704 0.083050