1 0.086938 0.599749 0.164812 0.115707
1 0.939905 0.737183 0.120189 0.247940
1 0.892110 0.655783 0.215781 0.287074
1 0.855434 0.614599 0.289132 0.208807
1 0.430654 0.590369 0.028359 0.041281
1 0.391316 0.596995 0.058559 0.060707
1 0.590095 0.598966 0.039264 0.064157
1 0.808996 0.601654 0.287937 0.147078
1 0.257160 0.599819 0.129911 0.086552
0 0.562657 0.597118 0.017451 0.062947
0 0.547630 0.599539 0.012603 0.061736
0 0.539632 0.598329 0.020844 0.071420
0 0.514183 0.593184 0.018420 0.061131
0 0.491158 0.594394 0.021813 0.063552
0 0.399753 0.597694 0.021329 0.070210
0 0.469314 0.599207 0.022783 0.049026
2 0.447258 0.599207 0.021329 0.067184