1 0.113911 0.477288 0.227822 0.853501
1 0.606457 0.593232 0.037912 0.035697
1 0.809313 0.604926 0.148203 0.109552
0 0.980765 0.603024 0.028065 0.064623
0 0.970155 0.585483 0.021123 0.099089
0 0.991097 0.578651 0.017807 0.099705
0 0.905175 0.586595 0.023165 0.072755
0 0.447222 0.601847 0.111866 0.395126
0 0.931195 0.588515 0.019695 0.078779
0 0.985159 0.567690 0.016572 0.066250
0 0.895069 0.583736 0.020680 0.082164
0 0.942337 0.587275 0.014771 0.075702
0 0.202863 0.612927 0.071886 0.392664
2 0.370978 0.602218 0.027573 0.070163
2 0.401998 0.594524 0.011817 0.037543
2 0.684708 0.596485 0.013083 0.046423