1 0.076650 0.554153 0.153301 0.686816
1 0.771504 0.601331 0.085153 0.084887
1 0.577813 0.605091 0.042446 0.040377
1 0.674833 0.607614 0.119253 0.087483
1 0.917450 0.614327 0.165101 0.127859
0 0.244187 0.612265 0.022458 0.070098
0 0.268517 0.606190 0.020961 0.067295
0 0.292472 0.609695 0.020961 0.064023
0 0.309690 0.611564 0.013475 0.056546
0 0.320171 0.608760 0.013475 0.056546
0 0.132309 0.628222 0.042446 0.290207
0 0.167681 0.618128 0.066027 0.288525
0 0.420051 0.622849 0.103099 0.326465
0 0.821083 0.605887 0.019539 0.074024