0 0.016252 0.574368 0.032503 0.178484
0 0.072385 0.565505 0.050812 0.165436
0 0.039980 0.553758 0.017725 0.078779
0 0.994542 0.557895 0.010917 0.074471
0 0.956883 0.560049 0.015756 0.072624
0 0.946543 0.559126 0.014771 0.074471
0 0.926602 0.561588 0.018218 0.072009
0 0.909826 0.563421 0.014771 0.055392
0 0.894127 0.560854 0.016037 0.061194
0 0.878723 0.557952 0.018147 0.071218
0 0.843694 0.560063 0.024056 0.074383
0 0.828494 0.555869 0.011817 0.048929
0 0.816492 0.543175 0.013663 0.029081
1 0.591243 0.576407 0.141211 0.114476
1 0.506752 0.571238 0.065583 0.093796
1 0.481937 0.562375 0.060857 0.090842
1 0.378687 0.571668 0.146529 0.129247
1 0.301583 0.565391 0.046677 0.075332
1 0.276936 0.562489 0.022368 0.059612
1 0.246135 0.555253 0.026588 0.037666
2 0.386952 0.587565 0.111669 0.144756
4 0.445021 0.522150 0.127031 0.136632