1 0.081659 0.559146 0.163319 0.707164
1 0.788802 0.608703 0.052437 0.083087
0 0.146729 0.598425 0.068932 0.315116
0 0.209260 0.628583 0.099458 0.318808
0 0.227625 0.622244 0.115214 0.288035
0 0.334962 0.622244 0.104382 0.275726
0 0.377305 0.626552 0.079764 0.295421
0 0.507291 0.592086 0.074840 0.333579
0 0.545326 0.609781 0.031758 0.172637
0 0.557758 0.607473 0.046283 0.171098
0 0.641461 0.623475 0.136878 0.323732
0 0.687251 0.615474 0.090596 0.320039
0 0.750767 0.613012 0.113245 0.292959
0 0.847271 0.627167 0.083703 0.338503
0 0.874351 0.627167 0.117184 0.302806
0 0.931466 0.612396 0.121123 0.334811
0 0.979765 0.624705 0.040469 0.391433
0 0.708915 0.606857 0.044313 0.155096
2 0.445621 0.615935 0.086411 0.168944
2 0.603302 0.615012 0.053176 0.143094
2 0.293110 0.609011 0.061054 0.211718