0 0.073194 0.625985 0.033762 0.118168
0 0.049349 0.625985 0.026588 0.115003
0 0.018963 0.627040 0.035028 0.133994
1 0.555177 0.642831 0.142541 0.123707
1 0.486492 0.643754 0.056869 0.094165
1 0.640184 0.635261 0.070901 0.078287
1 0.719653 0.641908 0.121123 0.110783
1 0.792917 0.631568 0.051403 0.062038
1 0.780805 0.637477 0.041359 0.079764
1 0.844370 0.629537 0.064500 0.070778
1 0.899761 0.634122 0.081241 0.085857
1 0.934740 0.648893 0.130520 0.143095
4 0.954417 0.547254 0.091165 0.106167
4 0.892956 0.577720 0.037666 0.045236
2 0.837934 0.634034 0.038405 0.089550