2 0.051339 0.599050 0.102678 0.174791
2 0.152899 0.588587 0.016740 0.066470
1 0.856361 0.579355 0.287278 0.168636
1 0.968621 0.637824 0.062758 0.118168
1 0.704352 0.592280 0.119153 0.103397
1 0.545809 0.592280 0.119153 0.108321
1 0.421634 0.580094 0.062629 0.068685
1 0.459596 0.584033 0.018907 0.041359
1 0.369541 0.578678 0.023141 0.031388
1 0.392437 0.577755 0.019695 0.030773
4 0.357774 0.552521 0.027770 0.036189
4 0.213510 0.559661 0.088626 0.109552
0 0.125499 0.602281 0.064254 0.209564
0 0.067523 0.601820 0.064993 0.216027
0 0.019360 0.604128 0.038719 0.218796