0 0.113420 0.499550 0.035709 0.066309
0 0.136321 0.629110 0.034795 0.280794
0 0.820821 0.607541 0.022458 0.072902
0 0.978590 0.593872 0.015721 0.083417
0 0.179479 0.618420 0.020212 0.086221
0 0.394261 0.623757 0.109492 0.305733
1 0.076650 0.554153 0.153301 0.686816
1 0.721717 0.603903 0.037770 0.066024
1 0.771504 0.601331 0.085153 0.084887
1 0.628737 0.610689 0.058391 0.069397
1 0.517832 0.610689 0.226266 0.108652
1 0.290947 0.618419 0.116221 0.094633
1 0.241675 0.611470 0.054461 0.089025
2 0.168250 0.625430 0.038179 0.105849