1 0.225997 0.633863 0.252585 0.190177
1 0.351551 0.617245 0.087149 0.079394
1 0.077548 0.629247 0.135894 0.144018
2 0.433530 0.685561 0.203840 0.330502
2 0.479321 0.632016 0.044313 0.108937
2 0.535451 0.644941 0.064993 0.090473
2 0.896849 0.646480 0.054160 0.124323
0 0.839242 0.636017 0.029542 0.086165
0 0.787543 0.642171 0.020679 0.073855
0 0.740276 0.639094 0.020679 0.072624
0 0.692516 0.634170 0.023634 0.080010
0 0.664451 0.621246 0.022649 0.046775
0 0.631955 0.619399 0.024618 0.052930
0 0.587642 0.630478 0.022649 0.092319