0 0.976216 0.614906 0.047569 0.322829
0 0.961280 0.614906 0.077441 0.335691
0 0.438621 0.616207 0.164812 0.469453
0 0.156380 0.618136 0.090647 0.375562
0 0.831985 0.598629 0.122397 0.475267
2 0.892639 0.604820 0.034611 0.099807
2 0.631648 0.594576 0.022956 0.066146
2 0.611341 0.593841 0.021190 0.055857
2 0.221766 0.605248 0.047162 0.112157
1 0.740542 0.594943 0.042969 0.065411
1 0.685506 0.597883 0.089470 0.083050
1 0.071873 0.539372 0.143747 0.818048
1 0.779406 0.591142 0.040425 0.066055
4 0.602491 0.564053 0.051504 0.077170
5 0.348655 0.596837 0.088710 0.124775