2 0.358815 0.601657 0.021656 0.049870
2 0.324165 0.606463 0.027431 0.060685
2 0.243556 0.618480 0.059675 0.112358
2 0.191822 0.623888 0.056306 0.148408
2 0.157894 0.623587 0.041387 0.114160
1 0.627957 0.607662 0.086143 0.079912
1 0.678969 0.604358 0.035131 0.056479
1 0.809174 0.606777 0.085662 0.078110
1 0.917839 0.612195 0.164322 0.103345
1 0.978717 0.624513 0.042567 0.084719
1 0.079485 0.553968 0.158969 0.704489
1 0.747869 0.602790 0.076732 0.068696
1 0.702425 0.600055 0.034368 0.044218
0 0.275350 0.608804 0.014437 0.057080
0 0.289787 0.605800 0.018287 0.059484