2 0.496794 0.611017 0.135303 0.186115
2 0.545538 0.558211 0.034269 0.055392
2 0.122200 0.592307 0.118168 0.135894
1 0.959647 0.571382 0.080705 0.101551
0 0.771683 0.597108 0.029050 0.050468
0 0.734509 0.590646 0.026588 0.090473
0 0.627271 0.588615 0.021172 0.102166
0 0.611516 0.582152 0.041851 0.122477
0 0.579758 0.580306 0.033481 0.129862
0 0.398812 0.610771 0.065485 0.171098
0 0.360162 0.605540 0.065977 0.177868
0 0.291230 0.588922 0.035451 0.150788
0 0.046277 0.619511 0.057312 0.177253
0 0.124563 0.616187 0.044904 0.173560
0 0.191722 0.604432 0.033973 0.151403
0 0.203539 0.585968 0.065485 0.171098