1 0.069287 0.539305 0.138574 0.813842
1 0.679890 0.592479 0.048855 0.046302
1 0.797908 0.593582 0.055330 0.072026
1 0.851766 0.596889 0.081818 0.094809
1 0.885068 0.600931 0.057684 0.099954
1 0.905081 0.618203 0.051798 0.081580
0 0.948395 0.598256 0.103211 0.457041
0 0.159055 0.670985 0.083436 0.365273
0 0.214164 0.663911 0.074166 0.369131
0 0.340349 0.622753 0.194685 0.551768
0 0.428976 0.587233 0.027812 0.159485
0 0.452153 0.589805 0.041203 0.156913
0 0.782604 0.593582 0.030608 0.095544
4 0.426916 0.501702 0.058714 0.075884
2 0.707555 0.599094 0.047678 0.100689
2 0.752584 0.602034 0.081229 0.116858