1 0.076071 0.551699 0.152142 0.714550
1 0.771049 0.606167 0.091581 0.084933
1 0.967504 0.614783 0.064993 0.098474
1 0.698671 0.607398 0.053176 0.049237
4 0.348597 0.560931 0.165436 0.208641
2 0.189069 0.631401 0.121123 0.208026
2 0.514525 0.643094 0.301329 0.379124
2 0.585918 0.632016 0.199902 0.246184
2 0.934023 0.610475 0.049237 0.144018
0 0.248646 0.617245 0.051206 0.145249
0 0.215657 0.614783 0.056130 0.140325
0 0.303791 0.634478 0.025603 0.096012
0 0.337272 0.619092 0.031512 0.124323
0 0.382570 0.609860 0.043328 0.152634
0 0.405711 0.619707 0.030527 0.130478
0 0.610044 0.588934 0.076809 0.251108
0 0.772034 0.616014 0.046283 0.115707
0 0.876416 0.606782 0.064008 0.144018