1 0.077056 0.553968 0.154113 0.704489
1 0.757178 0.602790 0.054264 0.068696
1 0.196527 0.607997 0.146540 0.302825
1 0.606926 0.607855 0.065690 0.066243
1 0.687355 0.603649 0.105273 0.106199
0 0.259985 0.640024 0.118579 0.248989
0 0.103978 0.450350 0.046488 0.098418
0 0.388764 0.619481 0.102746 0.253406
0 0.441821 0.651025 0.055584 0.181905
0 0.742978 0.604674 0.026108 0.074655
0 0.858841 0.618982 0.126327 0.420811
0 0.863894 0.600166 0.112852 0.332266
0 0.953165 0.607526 0.065690 0.304928
0 0.962265 0.595960 0.075469 0.429002
0 0.336286 0.605538 0.011791 0.045424
4 0.585872 0.574734 0.075796 0.096736
4 0.936174 0.526470 0.127652 0.298619