1 0.818954 0.610558 0.070070 0.095053
1 0.967203 0.613135 0.059290 0.096736
1 0.986970 0.624912 0.026059 0.111877
1 0.683781 0.606818 0.086913 0.104306
1 0.582382 0.605977 0.047162 0.057200
1 0.075610 0.563085 0.151220 0.694533
0 0.864412 0.621148 0.097693 0.326378
0 0.901131 0.611895 0.090282 0.393673
0 0.771777 0.619494 0.101062 0.297778
0 0.744154 0.630429 0.102409 0.306190
0 0.618428 0.629530 0.138118 0.282637
0 0.337439 0.630398 0.092303 0.279272
0 0.258274 0.690543 0.091629 0.177489
0 0.151966 0.614100 0.134597 0.403001
2 0.407846 0.609369 0.024255 0.062247
2 0.241431 0.618622 0.106452 0.154777