1 0.075563 0.559146 0.151125 0.707164
1 0.814525 0.610533 0.106942 0.079764
1 0.758691 0.606471 0.049631 0.062777
1 0.736534 0.597239 0.073855 0.060561
1 0.602117 0.599085 0.025997 0.053914
0 0.113590 0.485401 0.090103 0.184638
0 0.551773 0.605917 0.084934 0.299114
0 0.646307 0.610995 0.065731 0.283419
0 0.708173 0.605425 0.017725 0.067085
2 0.687079 0.607286 0.023141 0.083703
2 0.153795 0.617379 0.026588 0.120384
2 0.194563 0.615533 0.050222 0.100443
2 0.230309 0.610363 0.027179 0.066470
2 0.354681 0.602854 0.017233 0.042467