0 0.794745 0.600717 0.027511 0.064490
0 0.309321 0.605283 0.012127 0.057200
0 0.296688 0.608227 0.014486 0.050471
1 0.986227 0.628092 0.027545 0.065892
1 0.870815 0.613027 0.095447 0.093231
1 0.676805 0.608128 0.065690 0.060986
1 0.576573 0.605094 0.034361 0.044162
1 0.077122 0.565306 0.154243 0.700283
1 0.747757 0.603887 0.074166 0.070311
2 0.675401 0.610581 0.026950 0.057481
2 0.601164 0.605724 0.027624 0.077389
2 0.353283 0.608858 0.023918 0.049209
2 0.329534 0.610120 0.025602 0.057621
2 0.270918 0.611592 0.024255 0.065612
2 0.148945 0.633562 0.044463 0.154090