0 0.900564 0.609557 0.020189 0.070997
0 0.915603 0.605956 0.015657 0.081286
0 0.927552 0.604155 0.021426 0.092090
0 0.945681 0.595666 0.023074 0.096720
0 0.680984 0.600378 0.030019 0.136702
0 0.700702 0.541949 0.023545 0.050712
0 0.792294 0.606136 0.158220 0.357042
0 0.262557 0.608419 0.148331 0.499035
0 0.161039 0.600949 0.084878 0.241800
0 0.460987 0.592078 0.121274 0.441620
1 0.834981 0.608806 0.042380 0.065411
1 0.392166 0.578771 0.074166 0.122615
1 0.069398 0.537243 0.138797 0.809636
2 0.714028 0.598445 0.125670 0.178349
2 0.613424 0.599731 0.081033 0.198071
2 0.357186 0.600180 0.050817 0.142336
2 0.328344 0.623332 0.065925 0.169775