0 0.018204 0.615320 0.036408 0.103923
0 0.051035 0.595771 0.019365 0.053505
0 0.082556 0.612234 0.031314 0.086431
0 0.275255 0.630634 0.029357 0.086174
0 0.389891 0.627689 0.024722 0.084244
0 0.411265 0.628653 0.024207 0.070740
0 0.953602 0.653048 0.092797 0.259807
1 0.535773 0.643167 0.152039 0.095691
1 0.641871 0.638022 0.096415 0.080257
1 0.698525 0.628247 0.042439 0.082315
2 0.049840 0.642568 0.099680 0.117593
2 0.345300 0.643817 0.070560 0.104823
5 0.723768 0.630580 0.049444 0.099035
4 0.847090 0.541704 0.305820 0.359099