0 0.964678 0.627860 0.025987 0.103345
0 0.931953 0.633268 0.030800 0.099740
0 0.664066 0.635716 0.029356 0.146606
0 0.647463 0.643827 0.043312 0.138795
0 0.033703 0.599042 0.030800 0.057681
1 0.822418 0.625767 0.084218 0.071500
1 0.768278 0.627269 0.030800 0.079311
1 0.723019 0.636617 0.103949 0.117165
1 0.912579 0.636707 0.095356 0.090400
2 0.447675 0.642625 0.036575 0.090727
2 0.406518 0.634802 0.040906 0.112358
2 0.311925 0.641413 0.061600 0.108753
2 0.195906 0.640207 0.081812 0.120770
2 0.055600 0.643505 0.105393 0.123774
4 0.562800 0.585599 0.290207 0.193293
4 0.955701 0.573468 0.088599 0.149196