1 0.069287 0.539305 0.138574 0.813842
1 0.207798 0.603432 0.060637 0.091477
1 0.281488 0.602487 0.034923 0.095177
1 0.861153 0.609068 0.056654 0.097749
1 0.748213 0.600190 0.166461 0.140964
1 0.855341 0.598132 0.067573 0.093633
1 0.362064 0.599068 0.053564 0.120386
2 0.247403 0.608099 0.071693 0.147558
2 0.174885 0.613239 0.055212 0.147568
2 0.145069 0.621127 0.058808 0.135048
2 0.314645 0.592373 0.026370 0.057621
0 0.928045 0.646673 0.143909 0.706654
0 0.585424 0.589359 0.091471 0.364244
0 0.450244 0.621250 0.135970 0.450675
0 0.428406 0.586781 0.103832 0.427009
4 0.641460 0.564665 0.051916 0.111125
4 0.489425 0.580549 0.024722 0.040129
4 0.361240 0.545564 0.070045 0.175948