1 0.077482 0.532562 0.154965 0.739268
1 0.643924 0.607304 0.064006 0.066593
2 0.150051 0.619125 0.034168 0.108152
2 0.253916 0.618197 0.096009 0.194873
2 0.695297 0.604850 0.026388 0.063089
2 0.715790 0.611860 0.022458 0.051873
0 0.321997 0.607848 0.117063 0.403767
0 0.392320 0.632557 0.128012 0.394303
0 0.435271 0.592076 0.092640 0.365914
0 0.518226 0.607322 0.125485 0.375377
0 0.747335 0.616301 0.147382 0.403767
0 0.898593 0.607340 0.032003 0.095684
0 0.982390 0.585784 0.021054 0.092530
0 0.800437 0.595515 0.014437 0.072101
4 0.459175 0.527512 0.341364 0.326658