0 0.992523 0.591378 0.014953 0.088930
0 0.211330 0.616499 0.124787 0.293247
0 0.213091 0.623874 0.096533 0.294717
0 0.794218 0.594488 0.021975 0.066024
2 0.934395 0.610856 0.052975 0.097014
2 0.867587 0.609386 0.048855 0.094074
2 0.637653 0.605017 0.022367 0.054387
2 0.442357 0.607337 0.025310 0.054387
2 0.398210 0.603662 0.035906 0.094074
1 0.697146 0.602407 0.047089 0.049242
1 0.366720 0.604397 0.047089 0.052917
1 0.150109 0.613584 0.047089 0.143316
1 0.074901 0.544644 0.149801 0.732595
1 0.746147 0.601348 0.074166 0.071168