2 0.295704 0.593229 0.026957 0.064623
2 0.544847 0.591677 0.228459 0.312654
2 0.808756 0.591677 0.199409 0.321270
2 0.695512 0.626327 0.075332 0.118168
1 0.070162 0.536928 0.140325 0.814254
1 0.422247 0.595246 0.084195 0.086780
0 0.768584 0.595157 0.131116 0.475463
0 0.118833 0.566509 0.237665 0.866982
0 0.213662 0.592305 0.045544 0.185561
0 0.243943 0.603383 0.053914 0.157866
0 0.267010 0.601199 0.036928 0.132324
0 0.345789 0.602122 0.065485 0.137863
0 0.359576 0.599352 0.046775 0.126169
0 0.377688 0.602667 0.024056 0.106035
0 0.496595 0.611833 0.137371 0.390510
0 0.650706 0.583060 0.148695 0.439439
0 0.890489 0.586753 0.180207 0.481290
0 0.951399 0.593523 0.097201 0.416051