4 0.132939 0.536004 0.124077 0.236337
0 0.823240 0.574163 0.037420 0.093550
0 0.867061 0.572932 0.026588 0.081241
0 0.903988 0.568316 0.032496 0.097858
0 0.946824 0.570162 0.026588 0.090473
0 0.203840 0.587703 0.088626 0.358198
0 0.259232 0.584933 0.096012 0.330502
1 0.675037 0.598781 0.286558 0.155096
1 0.476366 0.593242 0.110783 0.096012
1 0.411374 0.589549 0.045790 0.059084
1 0.376662 0.579394 0.038405 0.042467
2 0.552437 0.566470 0.041359 0.064623
2 0.296160 0.634786 0.093058 0.168021
2 0.066470 0.596935 0.032496 0.092319