1 0.079485 0.553968 0.158969 0.704489
1 0.684221 0.602751 0.059290 0.071500
1 0.763490 0.605446 0.117835 0.074865
2 0.301764 0.613376 0.030319 0.065612
0 0.140739 0.615900 0.064006 0.333108
0 0.209461 0.620106 0.134075 0.317966
0 0.241127 0.619264 0.066701 0.286001
0 0.361391 0.610852 0.056595 0.146365
0 0.400468 0.616320 0.040425 0.121971
0 0.531212 0.608689 0.059290 0.135430
0 0.652555 0.612004 0.055247 0.128701
0 0.726667 0.607798 0.045815 0.145524
0 0.762039 0.613687 0.037056 0.116924
0 0.786968 0.624622 0.018191 0.093371
0 0.825776 0.607549 0.126664 0.349931
0 0.940692 0.622694 0.109820 0.267495
0 0.971862 0.653397 0.056276 0.187583