1 0.077122 0.565306 0.154243 0.700283
1 0.329901 0.611286 0.101135 0.113183
1 0.696372 0.613248 0.077162 0.103829
1 0.915498 0.623537 0.121362 0.085121
0 0.137707 0.640363 0.040454 0.270330
0 0.181532 0.616978 0.063678 0.158082
0 0.192020 0.612769 0.029217 0.145922
0 0.399596 0.631491 0.099637 0.327389
0 0.443421 0.628217 0.071918 0.296521
0 0.480878 0.609042 0.062928 0.155276
0 0.550175 0.627750 0.117616 0.342356
0 0.570402 0.625411 0.038206 0.159953
0 0.617973 0.612783 0.112372 0.347968
0 0.651310 0.614185 0.063678 0.313361
0 0.818815 0.610304 0.121778 0.339549
0 0.925485 0.626881 0.133681 0.288103
0 0.980880 0.604588 0.019228 0.133762
0 0.990114 0.611713 0.019772 0.124078
2 0.153065 0.624929 0.030715 0.127214
2 0.208876 0.613237 0.031464 0.083250
2 0.236595 0.620720 0.056935 0.122537
2 0.782150 0.616990 0.193280 0.270330