1 0.086839 0.601574 0.168020 0.119357
1 0.254674 0.597344 0.122752 0.086431
1 0.939905 0.737183 0.120189 0.247940
1 0.892110 0.655783 0.215781 0.287074
1 0.855434 0.614599 0.289132 0.208807
1 0.807675 0.596789 0.285950 0.156532
1 0.437051 0.593394 0.041153 0.047331
1 0.589453 0.599968 0.043739 0.063319
0 0.234617 0.619644 0.096640 0.330196
0 0.356364 0.594341 0.130352 0.386319
0 0.427906 0.595607 0.016966 0.065368
0 0.483167 0.595909 0.026661 0.079289
0 0.563172 0.598702 0.022524 0.068596
0 0.544493 0.601446 0.019228 0.071340
0 0.530210 0.598016 0.021426 0.075455
0 0.512630 0.595958 0.020327 0.072712