1 0.069424 0.535081 0.138848 0.810561
1 0.203348 0.608629 0.091580 0.114476
1 0.741999 0.592627 0.046283 0.055391
1 0.692270 0.590780 0.043328 0.036928
1 0.763171 0.603090 0.024618 0.048006
0 0.264894 0.590165 0.096504 0.397587
0 0.327425 0.602474 0.046283 0.313885
0 0.368292 0.595089 0.100443 0.360660
0 0.390940 0.598166 0.066962 0.315116
0 0.466765 0.598166 0.128016 0.374200
0 0.562285 0.609860 0.122107 0.318808
0 0.813885 0.605551 0.136878 0.492368
0 0.881339 0.605551 0.031512 0.071393
0 0.884786 0.598781 0.022649 0.080010
4 0.502216 0.539082 0.218612 0.270803