2 0.313146 0.662482 0.375185 0.486214
2 0.798621 0.632939 0.036435 0.099705
2 0.584441 0.640325 0.078779 0.109552
2 0.734613 0.635401 0.079764 0.102167
2 0.961349 0.735721 0.077302 0.428360
2 0.897095 0.627400 0.025603 0.072624
0 0.214673 0.630478 0.040374 0.134170
0 0.119153 0.647710 0.034466 0.104628
0 0.088626 0.633555 0.042344 0.120630
0 0.066962 0.653865 0.040374 0.070162
0 0.605121 0.625554 0.033481 0.144018
0 0.457410 0.629862 0.024618 0.096012
0 0.431315 0.624323 0.013786 0.097243
1 0.944855 0.620015 0.058100 0.113245