1 0.672849 0.601087 0.050531 0.068136
1 0.800542 0.609079 0.111806 0.082436
1 0.079485 0.553968 0.158969 0.704489
0 0.988536 0.626391 0.022928 0.096736
0 0.917729 0.606643 0.052552 0.139636
0 0.798813 0.612532 0.057268 0.127859
0 0.728714 0.608804 0.154288 0.381055
0 0.593628 0.615113 0.152266 0.344884
0 0.405615 0.626502 0.132054 0.291890
0 0.441608 0.615490 0.143508 0.315443
0 0.371876 0.612546 0.040425 0.134589
0 0.259329 0.619727 0.039077 0.125336
0 0.148161 0.616362 0.036382 0.152254
2 0.197681 0.619727 0.047836 0.123654