1 0.079714 0.553237 0.159429 0.718242
1 0.600436 0.601419 0.047267 0.043575
1 0.689949 0.605112 0.057312 0.048006
1 0.743124 0.600311 0.065583 0.064993
1 0.763902 0.604866 0.062038 0.068685
1 0.932616 0.611882 0.134768 0.119646
0 0.819153 0.608444 0.021270 0.077548
0 0.834515 0.606967 0.018907 0.076071
0 0.798474 0.602905 0.023634 0.076810
0 0.809109 0.603274 0.018907 0.070162
2 0.156770 0.615091 0.045298 0.151403
2 0.241827 0.607398 0.028804 0.066470
2 0.335623 0.618168 0.092319 0.184023
2 0.413392 0.604751 0.025406 0.064254
2 0.544855 0.617676 0.112260 0.196455