2 0.636397 0.590507 0.013734 0.038871
2 0.622434 0.590507 0.013277 0.040014
2 0.730298 0.619269 0.181294 0.435584
2 0.286130 0.590833 0.035435 0.065852
2 0.154325 0.615963 0.032963 0.101023
1 0.069398 0.537243 0.138797 0.809636
1 0.357050 0.598705 0.044605 0.087436
1 0.418494 0.600952 0.119457 0.107852
1 0.951989 0.621079 0.047613 0.072026
1 0.813825 0.598208 0.052440 0.067349
0 0.572352 0.596117 0.156572 0.468167
0 0.964433 0.584762 0.071133 0.401286
0 0.963256 0.613425 0.073488 0.323381
0 0.140091 0.587433 0.085403 0.302134
0 0.218377 0.592578 0.078661 0.304940