1 0.950021 0.580295 0.099959 0.154567
1 0.435830 0.601954 0.552471 0.243942
2 0.307396 0.677224 0.275391 0.522763
2 0.125270 0.595110 0.058953 0.147207
2 0.050880 0.612708 0.047162 0.143001
2 0.775926 0.591275 0.064006 0.119868
0 0.073601 0.621874 0.061198 0.178050
0 0.125538 0.654764 0.044916 0.081314
0 0.144944 0.634812 0.045478 0.126878
0 0.836569 0.575433 0.024704 0.107951
0 0.849201 0.564568 0.051092 0.121270
0 0.746404 0.585979 0.029757 0.134589
0 0.764090 0.558290 0.023581 0.094633
0 0.799181 0.576866 0.025265 0.113559