1 0.077482 0.532562 0.154965 0.739268
1 0.747658 0.607307 0.084639 0.070975
1 0.672703 0.612039 0.031582 0.055203
1 0.611856 0.607044 0.071585 0.064140
1 0.660071 0.594427 0.040004 0.055728
4 0.338283 0.549357 0.179216 0.222072
0 0.184061 0.612825 0.033687 0.137954
0 0.214379 0.611984 0.061985 0.166554
0 0.244361 0.588851 0.028971 0.079912
0 0.296913 0.598945 0.073438 0.275066
0 0.435031 0.616610 0.127338 0.268337
0 0.448843 0.627125 0.064680 0.240578
0 0.532387 0.604834 0.043120 0.152254
0 0.696174 0.607328 0.053900 0.133748
0 0.739967 0.609851 0.055247 0.130383
0 0.797136 0.598370 0.018528 0.076232
2 0.277038 0.638060 0.110494 0.117765
2 0.850502 0.603513 0.090282 0.139636
2 0.955632 0.609390 0.075460 0.116083
2 0.990655 0.622001 0.018690 0.100942