2 0.412112 0.635709 0.351551 0.516987
2 0.671590 0.590780 0.015756 0.048006
0 0.593058 0.592319 0.028065 0.090473
1 0.951502 0.597550 0.096997 0.107090
1 0.804037 0.593242 0.112260 0.103397
1 0.757755 0.593242 0.033481 0.091088
1 0.726243 0.594473 0.047267 0.054161
1 0.911866 0.595304 0.087642 0.086965
1 0.258493 0.591396 0.100443 0.132939
1 0.554407 0.605551 0.019695 0.035697
1 0.563762 0.597550 0.044313 0.054160
1 0.691556 0.591519 0.031758 0.036928
1 0.889119 0.587365 0.069424 0.067393
1 0.612900 0.595212 0.029542 0.040620