1 0.068643 0.541267 0.137287 0.822671
1 0.746919 0.592854 0.050053 0.055600
1 0.797718 0.597627 0.081438 0.072378
1 0.685487 0.596142 0.083703 0.080010
1 0.634281 0.590295 0.041359 0.046160
0 0.471689 0.594473 0.117184 0.427129
0 0.902391 0.584803 0.027854 0.085989
0 0.915263 0.588760 0.017303 0.078076
0 0.928557 0.587441 0.021102 0.080713
0 0.989943 0.607694 0.020114 0.062249
0 0.985840 0.583234 0.026257 0.096680
0 0.993049 0.556841 0.013901 0.050661
2 0.542454 0.599989 0.072378 0.181868
2 0.255157 0.597989 0.029050 0.071393
2 0.365447 0.588757 0.013294 0.038158