1 0.697183 0.615202 0.108641 0.097787
1 0.899333 0.609419 0.201334 0.140898
1 0.079056 0.554153 0.158113 0.686816
0 0.879094 0.615202 0.123801 0.331215
0 0.872357 0.632552 0.160857 0.340678
0 0.791507 0.612048 0.150751 0.440568
0 0.518731 0.615909 0.112852 0.307031
0 0.507783 0.648504 0.077481 0.246045
0 0.582456 0.665328 0.084218 0.191369
0 0.320256 0.608650 0.018107 0.047842
0 0.307623 0.605759 0.016423 0.045213
0 0.132999 0.540824 0.064848 0.139846
2 0.432548 0.614156 0.094324 0.201182
2 0.265923 0.617859 0.040846 0.091478
2 0.235394 0.621013 0.031161 0.079912
2 0.199812 0.614967 0.030740 0.082541