4 0.367553 0.546160 0.165928 0.214796
4 0.457164 0.557546 0.036928 0.132939
1 0.069424 0.536928 0.138848 0.806869
1 0.801649 0.600868 0.088480 0.069682
1 0.747415 0.593242 0.037420 0.052930
1 0.688331 0.599397 0.090596 0.082472
1 0.638109 0.592011 0.061054 0.062777
1 0.783917 0.593730 0.066514 0.068351
2 0.140325 0.606167 0.038405 0.105859
2 0.205318 0.604321 0.050222 0.092319
2 0.477597 0.601243 0.049237 0.118168
0 0.389463 0.592011 0.127031 0.454210
0 0.909404 0.602474 0.024618 0.088626
0 0.889710 0.603705 0.024618 0.081241
0 0.837518 0.574163 0.016741 0.046775