1 0.069287 0.539305 0.138574 0.813842
1 0.791921 0.574644 0.048675 0.035329
1 0.858080 0.596585 0.093749 0.093231
1 0.903833 0.628037 0.054079 0.084244
1 0.885291 0.608422 0.054079 0.102894
1 0.664780 0.590639 0.030387 0.040514
1 0.625122 0.589996 0.061290 0.067524
1 0.463839 0.592247 0.035538 0.033440
1 0.405354 0.588701 0.039143 0.045659
0 0.948089 0.598256 0.103822 0.457041
0 0.607354 0.590639 0.026782 0.112540
2 0.782520 0.600668 0.071075 0.097749
2 0.368512 0.600631 0.057169 0.113183
4 0.485471 0.569739 0.045838 0.060450