0 0.781388 0.633863 0.034466 0.081241
0 0.794929 0.621553 0.033973 0.103397
0 0.733383 0.637863 0.021172 0.067701
0 0.505908 0.579548 0.036928 0.066162
0 0.233875 0.642171 0.028557 0.086164
0 0.236829 0.624631 0.046283 0.121861
0 0.087149 0.646941 0.038405 0.072317
0 0.139217 0.642171 0.036681 0.100935
0 0.115460 0.625708 0.036928 0.116630
0 0.278680 0.624938 0.030527 0.081241
0 0.721320 0.626169 0.017725 0.056622
0 0.707041 0.627400 0.018710 0.056622
0 0.605121 0.632324 0.019695 0.066470
1 0.974397 0.640017 0.051206 0.068932
1 0.929591 0.632632 0.050222 0.061546
2 0.516741 0.626785 0.093058 0.129247
2 0.841704 0.625554 0.054653 0.104628
2 0.643033 0.636017 0.028557 0.059084
2 0.676514 0.631093 0.024618 0.059084
2 0.064500 0.608783 0.076809 0.093242