1 0.363806 0.687801 0.727611 0.560771
1 0.956436 0.571217 0.082406 0.088103
1 0.994442 0.589545 0.011117 0.068167
0 0.524731 0.549576 0.041203 0.078457
0 0.650401 0.573370 0.028842 0.114469
0 0.629799 0.572406 0.029872 0.090675
0 0.686509 0.583716 0.026782 0.111897
0 0.673593 0.592444 0.031932 0.097106
0 0.731020 0.591158 0.044808 0.124116
0 0.727157 0.573794 0.027812 0.120257
0 0.767073 0.584084 0.036568 0.140836
0 0.855728 0.606295 0.052019 0.078457
0 0.841564 0.574140 0.026782 0.118328
0 0.869119 0.567710 0.033478 0.110611
0 0.889978 0.566745 0.025752 0.124116
0 0.911610 0.567710 0.028842 0.111897