1 0.078679 0.558932 0.157357 0.694533
1 0.777477 0.607733 0.049444 0.066881
1 0.748120 0.609662 0.056654 0.081029
1 0.311172 0.608996 0.056654 0.113183
0 0.890821 0.621924 0.100948 0.329260
0 0.901122 0.610348 0.080346 0.342122
0 0.834682 0.609062 0.048414 0.131190
0 0.863524 0.607133 0.025752 0.093891
0 0.688333 0.621842 0.095797 0.316398
0 0.712540 0.679076 0.043263 0.186495
0 0.592504 0.616007 0.050474 0.124759
0 0.617741 0.615364 0.047384 0.126045
0 0.354950 0.622500 0.173053 0.335691
0 0.209194 0.623787 0.141121 0.363987