1 0.093058 0.581856 0.135894 0.193870
0 0.031758 0.636324 0.063516 0.358198
0 0.079764 0.674175 0.085672 0.267725
0 0.408419 0.645556 0.113737 0.354505
0 0.529542 0.635401 0.057607 0.227105
0 0.742984 0.646480 0.038405 0.190177
0 0.774003 0.626169 0.041359 0.105244
0 0.709010 0.615091 0.020679 0.060931
0 0.569424 0.607706 0.025111 0.064623
0 0.583456 0.616014 0.020679 0.055391
2 0.818316 0.643710 0.062038 0.158789
2 0.914328 0.664943 0.138848 0.319424
2 0.229690 0.660327 0.078287 0.203102
2 0.351551 0.644633 0.056130 0.193870