1 0.957730 0.608906 0.062777 0.054468
1 0.260315 0.556653 0.520630 0.886694
1 0.508346 0.582318 0.123141 0.149249
1 0.803784 0.594851 0.054653 0.066470
1 0.679911 0.607829 0.056721 0.075086
1 0.694658 0.595643 0.088380 0.095027
1 0.746529 0.595519 0.063811 0.084933
1 0.781758 0.597304 0.016987 0.055515
1 0.605367 0.583333 0.109404 0.132940
0 0.920803 0.602905 0.021418 0.051699
0 0.862088 0.592750 0.016248 0.064623
0 0.842147 0.596443 0.020679 0.064623
2 0.984318 0.607059 0.019941 0.067393
2 0.877597 0.600135 0.025111 0.064623