1 0.076004 0.559146 0.152008 0.707164
1 0.816470 0.608409 0.104136 0.081241
1 0.761546 0.605578 0.051206 0.068932
1 0.741575 0.600039 0.060621 0.066470
1 0.607410 0.597762 0.027573 0.025234
1 0.335081 0.607424 0.084195 0.067701
1 0.686358 0.602720 0.054737 0.046036
2 0.196318 0.615961 0.038897 0.078163
2 0.637571 0.603547 0.020679 0.052754
0 0.692382 0.606521 0.019941 0.068778
0 0.703645 0.603982 0.015879 0.065547
0 0.572860 0.608290 0.068932 0.137863
0 0.920964 0.608844 0.036435 0.109552
0 0.974632 0.608229 0.037420 0.126785
0 0.992535 0.601582 0.014929 0.125554
0 0.247728 0.614621 0.053176 0.129774