0 0.939685 0.650788 0.030527 0.087395
0 0.802806 0.640940 0.022649 0.097243
0 0.785081 0.642787 0.024618 0.086164
0 0.698917 0.639710 0.029542 0.094781
0 0.679222 0.633555 0.013786 0.089857
0 0.523141 0.632939 0.024618 0.073855
0 0.460118 0.622477 0.034466 0.097243
0 0.435500 0.623092 0.024618 0.081241
0 0.353274 0.626785 0.017725 0.066470
0 0.322747 0.624323 0.019695 0.073855
0 0.306992 0.619399 0.021664 0.076317
0 0.589119 0.694301 0.181191 0.611398
2 0.888971 0.645864 0.090596 0.099705
1 0.177991 0.635401 0.258001 0.130478
1 0.038159 0.628631 0.043328 0.099705