0 0.985764 0.591121 0.028472 0.123373
0 0.977142 0.593925 0.029196 0.114961
0 0.912838 0.582699 0.034249 0.116363
0 0.877443 0.589366 0.038740 0.121270
0 0.847967 0.592871 0.044916 0.117064
0 0.767940 0.588660 0.042109 0.122672
0 0.745481 0.589361 0.056707 0.119868
0 0.648557 0.587221 0.060637 0.141033
2 0.933332 0.589709 0.081972 0.128981
2 0.647206 0.595000 0.061199 0.107250
2 0.405107 0.583637 0.029757 0.072201
2 0.033665 0.631579 0.067329 0.157721
2 0.072382 0.599509 0.090956 0.184008
1 0.469113 0.590647 0.106115 0.083417
1 0.663653 0.591813 0.128012 0.093231
1 0.583527 0.588659 0.079726 0.074304
4 0.369174 0.559804 0.049970 0.073603
4 0.164685 0.536544 0.184438 0.212398