1 0.077482 0.532562 0.154965 0.739268
1 0.765563 0.601684 0.055210 0.074505
1 0.657726 0.605441 0.061600 0.081715
1 0.614413 0.604540 0.054862 0.060685
1 0.580245 0.600334 0.045237 0.049870
1 0.853152 0.625336 0.077481 0.082015
2 0.141714 0.617827 0.030800 0.093732
2 0.167942 0.612720 0.027431 0.091929
2 0.251919 0.606712 0.024062 0.069097
2 0.276704 0.609115 0.020694 0.070299
2 0.295713 0.603407 0.028875 0.060084
2 0.345041 0.601604 0.019731 0.045664
0 0.710862 0.614617 0.107799 0.336472
0 0.801900 0.594573 0.020694 0.069097
3 0.924471 0.540167 0.151059 0.277590