1 0.078418 0.558195 0.156835 0.702250
1 0.754496 0.594143 0.054741 0.054387
0 0.979127 0.601291 0.041747 0.141993
0 0.910959 0.625322 0.066955 0.246945
0 0.232351 0.610665 0.130477 0.500750
0 0.338106 0.633816 0.105755 0.440728
0 0.147775 0.614192 0.046972 0.145080
0 0.791284 0.593041 0.022367 0.065411
0 0.164082 0.620323 0.034611 0.120386
2 0.899083 0.613103 0.201834 0.320257
2 0.706927 0.620138 0.188504 0.244373
2 0.547209 0.618836 0.151421 0.231511
2 0.342121 0.666508 0.159662 0.205788
4 0.403700 0.569459 0.092295 0.137878