0 0.966403 0.605696 0.009156 0.032869
0 0.615535 0.623391 0.016481 0.055857
0 0.319315 0.623401 0.034140 0.094074
0 0.277818 0.632955 0.033551 0.085255
0 0.180310 0.637407 0.037671 0.122003
0 0.050226 0.624913 0.030608 0.107304
0 0.010103 0.622708 0.020207 0.117593
2 0.953155 0.615289 0.021779 0.042627
2 0.879578 0.633663 0.045323 0.091135
2 0.853686 0.616387 0.017070 0.050712
2 0.721486 0.631108 0.031785 0.075700
2 0.645849 0.623758 0.034728 0.068351
2 0.585222 0.638090 0.038260 0.079375
2 0.978857 0.606193 0.013734 0.036013