1 0.817091 0.597427 0.019424 0.061736
1 0.688104 0.591949 0.040614 0.036013
1 0.070205 0.533079 0.140411 0.801225
1 0.219850 0.609528 0.126327 0.110755
1 0.270179 0.598530 0.040516 0.088317
1 0.283227 0.601531 0.036396 0.084030
0 0.597637 0.609547 0.108776 0.308681
0 0.561379 0.619836 0.112073 0.312797
0 0.529240 0.606975 0.179646 0.389968
0 0.782704 0.601817 0.179665 0.496297
0 0.880322 0.599836 0.022137 0.078554
0 0.838935 0.584436 0.021175 0.074505
4 0.481857 0.579193 0.038731 0.042186
4 0.382410 0.546208 0.165910 0.209244
5 0.302455 0.591671 0.024035 0.079743