1 0.070162 0.536928 0.140325 0.814254
1 0.817725 0.599120 0.020679 0.054468
1 0.427031 0.600043 0.066470 0.093242
2 0.389365 0.604659 0.069424 0.144941
2 0.632447 0.592134 0.028360 0.070901
2 0.677646 0.592504 0.028951 0.061300
2 0.654899 0.590288 0.016544 0.040620
2 0.605564 0.587888 0.014771 0.038774
0 0.308666 0.594350 0.107336 0.317578
0 0.359872 0.590657 0.060069 0.312654
0 0.459823 0.602967 0.074840 0.283112
0 0.501182 0.604197 0.084687 0.310192
0 0.759921 0.596812 0.119645 0.480059
0 0.889931 0.513140 0.220138 0.973720