1 0.564184 0.638092 0.154100 0.109067
1 0.940193 0.626463 0.115369 0.102894
1 0.747381 0.640853 0.112426 0.109508
0 0.815707 0.620281 0.017070 0.055122
0 0.682633 0.622479 0.021779 0.059531
0 0.439135 0.626529 0.027076 0.074966
0 0.416768 0.631306 0.021190 0.071291
0 0.387926 0.645270 0.030608 0.106569
0 0.365852 0.635716 0.028842 0.127147
0 0.341425 0.638288 0.038849 0.135232
0 0.296690 0.636818 0.037671 0.133762
0 0.285212 0.629836 0.015893 0.080110
0 0.236651 0.634981 0.025899 0.085990
0 0.015846 0.624341 0.031693 0.117593
2 0.834837 0.621016 0.023545 0.047772
2 0.467683 0.641596 0.041792 0.094809
2 0.173603 0.640511 0.072988 0.119063
2 0.062889 0.644185 0.102419 0.122003