1 0.070901 0.536312 0.141802 0.817947
1 0.463403 0.588152 0.046611 0.051699
1 0.613412 0.586921 0.040702 0.044313
1 0.787382 0.590614 0.072214 0.069752
1 0.830326 0.595022 0.058428 0.079600
1 0.889738 0.602407 0.137863 0.104218
1 0.964564 0.604048 0.070872 0.115707
2 0.145010 0.600701 0.033481 0.106680
2 0.218866 0.603163 0.064336 0.155917
2 0.266789 0.592084 0.047267 0.112424
2 0.300599 0.587981 0.025603 0.061546
2 0.344255 0.591674 0.024947 0.064008
2 0.366904 0.592905 0.022977 0.054981
2 0.646087 0.589420 0.013428 0.036928
0 0.533123 0.610308 0.095379 0.410424