1 0.303872 0.568082 0.025180 0.070311
1 0.322184 0.567510 0.032505 0.082887
1 0.440345 0.565226 0.038914 0.077170
1 0.383320 0.573160 0.126327 0.128280
1 0.595971 0.568954 0.154119 0.121971
1 0.510068 0.562120 0.073270 0.097787
1 0.470064 0.562645 0.043793 0.079912
1 0.285178 0.561536 0.039583 0.060986
1 0.243069 0.554702 0.039583 0.038905
1 0.422005 0.524717 0.074954 0.067294
0 0.061157 0.557938 0.034529 0.141949
0 0.037997 0.545320 0.030319 0.127229
0 0.977576 0.556252 0.021054 0.069397
0 0.951047 0.561509 0.020212 0.079912
0 0.933782 0.556777 0.019370 0.083067
0 0.922413 0.556777 0.016844 0.087272