1 0.075610 0.563085 0.151220 0.694533
1 0.366369 0.619846 0.116193 0.097749
1 0.300961 0.611556 0.051205 0.069818
4 0.192804 0.565993 0.174427 0.210932
4 0.391503 0.566341 0.112072 0.138907
2 0.442595 0.612129 0.034611 0.092604
2 0.746366 0.613630 0.049857 0.105989
2 0.877072 0.617416 0.088934 0.135430
0 0.797141 0.600789 0.019056 0.065595
0 0.407413 0.612397 0.064680 0.132065
0 0.484220 0.629641 0.040425 0.109354
0 0.530709 0.614500 0.068722 0.143001
0 0.519255 0.617444 0.035035 0.128701
0 0.628096 0.611545 0.081523 0.293572