1 0.032496 0.685254 0.064993 0.116322
1 0.175775 0.637555 0.212703 0.110783
1 0.266371 0.645556 0.091581 0.066470
1 0.278927 0.640940 0.119645 0.079394
1 0.907927 0.675714 0.184146 0.205564
1 0.857213 0.622784 0.285574 0.185869
1 0.754308 0.610475 0.306253 0.141556
1 0.327425 0.646787 0.063023 0.061546
1 0.342196 0.645556 0.100443 0.066470
1 0.381093 0.643095 0.079764 0.044313
0 0.152880 0.644018 0.056622 0.198794
0 0.516002 0.616014 0.011817 0.043082
0 0.531265 0.617861 0.014771 0.044313
0 0.547021 0.615399 0.012802 0.036928
2 0.457410 0.625862 0.030527 0.040620
3 0.616445 0.614783 0.086657 0.057853