1 0.976289 0.630333 0.047422 0.153312
1 0.171963 0.576443 0.031785 0.097014
1 0.524597 0.589672 0.029431 0.092604
1 0.482786 0.580889 0.026370 0.037042
1 0.916067 0.620833 0.167867 0.181093
1 0.855207 0.589965 0.154924 0.144051
1 0.593007 0.579609 0.125258 0.135820
1 0.092216 0.593953 0.154100 0.150225
1 0.273138 0.582084 0.102184 0.105981
1 0.341123 0.586714 0.063453 0.082315
1 0.365020 0.581055 0.053564 0.068939
1 0.408284 0.578997 0.054388 0.066881
1 0.455667 0.581055 0.038731 0.044244
0 0.130111 0.595626 0.071693 0.208874
0 0.204689 0.596655 0.067573 0.202701