1 0.068685 0.531388 0.137371 0.814254
1 0.786558 0.589549 0.116691 0.094165
1 0.925160 0.599705 0.108321 0.105859
1 0.605121 0.589242 0.039389 0.035697
1 0.199902 0.607706 0.058099 0.112014
4 0.381832 0.543852 0.163959 0.215103
0 0.142541 0.586780 0.107829 0.435746
0 0.510340 0.593242 0.152142 0.404357
0 0.576809 0.596012 0.090103 0.361891
0 0.860660 0.592935 0.052191 0.158789
0 0.649926 0.593550 0.052191 0.140325
0 0.625308 0.594781 0.052191 0.140325
0 0.237322 0.584318 0.046283 0.166174
0 0.355490 0.598474 0.054161 0.135401
0 0.397834 0.596012 0.048252 0.125554
0 0.419990 0.591704 0.059084 0.156327
0 0.456425 0.596012 0.037420 0.140325
2 0.980305 0.601551 0.039389 0.139094
2 0.686361 0.594781 0.036435 0.088626
2 0.289513 0.597858 0.065977 0.126785
2 0.472674 0.603397 0.056130 0.125554