1 0.077122 0.565306 0.154243 0.700283
1 0.974144 0.626350 0.051712 0.074655
1 0.827434 0.607423 0.058110 0.076758
1 0.623120 0.601044 0.028634 0.051522
1 0.687126 0.598941 0.025265 0.038905
0 0.914600 0.603743 0.035372 0.172442
0 0.872895 0.617412 0.135557 0.296516
0 0.287825 0.603135 0.023581 0.125126
0 0.226767 0.622062 0.083376 0.289156
0 0.164446 0.619433 0.074954 0.309134
2 0.742340 0.618957 0.160857 0.209244
2 0.814768 0.606865 0.046320 0.103045
2 0.778133 0.584784 0.042109 0.058883
2 0.565852 0.620496 0.104431 0.124074
2 0.440287 0.614194 0.064006 0.117765
2 0.326566 0.618908 0.111168 0.160876