1 0.085683 0.613914 0.171365 0.116270
1 0.228278 0.616278 0.069098 0.062379
1 0.290897 0.620293 0.020087 0.041486
1 0.839604 0.605385 0.209621 0.133119
1 0.671049 0.613458 0.198524 0.099620
1 0.591585 0.626634 0.059707 0.068273
1 0.580947 0.615683 0.076864 0.069521
1 0.567412 0.611385 0.094663 0.071214
1 0.389276 0.609829 0.048929 0.033441
3 0.155804 0.571130 0.112897 0.172862
0 0.985882 0.530458 0.028237 0.098441
0 0.638950 0.605360 0.072106 0.243087
0 0.013965 0.634965 0.027931 0.126045
0 0.249193 0.615656 0.024207 0.087460
0 0.276232 0.613405 0.035023 0.108682
0 0.307385 0.611758 0.015966 0.048874
0 0.319745 0.610472 0.014936 0.050161
0 0.331591 0.610151 0.013906 0.050804
0 0.346270 0.605006 0.016481 0.050804
0 0.427194 0.609798 0.020602 0.060450
0 0.448053 0.616229 0.036568 0.120900
0 0.474578 0.611727 0.032962 0.108039
0 0.497239 0.632949 0.017511 0.070739
0 0.512690 0.612370 0.030902 0.104180
2 0.359146 0.610794 0.024722 0.053376