0 0.916432 0.623826 0.020657 0.042254
0 0.872300 0.640845 0.030047 0.106808
0 0.847887 0.628521 0.022535 0.049296
0 0.809390 0.646714 0.033803 0.090376
0 0.782629 0.642606 0.023474 0.091549
0 0.761033 0.639084 0.021596 0.089202
0 0.739906 0.636737 0.024413 0.082160
0 0.732394 0.643193 0.028169 0.088028
0 0.594836 0.632629 0.027230 0.073944
0 0.546948 0.627347 0.023474 0.091549
0 0.525822 0.625587 0.018779 0.080986
0 0.293192 0.666960 0.105634 0.318662
0 0.209390 0.656397 0.118310 0.360916
2 0.342488 0.634390 0.040845 0.080986
1 0.093897 0.640552 0.160563 0.153169