1 0.471073 0.584318 0.199163 0.148941
1 0.603644 0.585087 0.109306 0.130785
1 0.695224 0.595858 0.084687 0.092011
1 0.803422 0.595550 0.053914 0.063700
1 0.833580 0.596473 0.027080 0.060007
1 0.981536 0.608629 0.036928 0.048006
1 0.680330 0.610783 0.058346 0.073855
1 0.938700 0.603705 0.023634 0.046775
1 0.748154 0.595704 0.064993 0.079394
1 0.955687 0.607706 0.022157 0.040620
0 0.614845 0.594012 0.071640 0.138786
0 0.472304 0.574163 0.071640 0.220335
0 0.680945 0.535543 0.022157 0.030465
2 0.909158 0.615707 0.044313 0.152019
5 0.871984 0.606321 0.035451 0.041544