1 0.075616 0.563629 0.151232 0.681671
1 0.810819 0.613814 0.171081 0.136698
1 0.749753 0.597482 0.133065 0.129332
1 0.653323 0.614306 0.074954 0.072552
1 0.612436 0.609012 0.050531 0.062037
1 0.587102 0.599163 0.059745 0.061093
4 0.347574 0.555688 0.173489 0.212398
5 0.296548 0.612754 0.102746 0.170339
2 0.193380 0.622218 0.027792 0.100942
0 0.227910 0.625372 0.085060 0.296516
0 0.286020 0.630629 0.098535 0.311237
0 0.392135 0.613280 0.080007 0.312288
0 0.467932 0.632732 0.101904 0.264972
0 0.921592 0.616439 0.156816 0.377480
0 0.868871 0.602244 0.081692 0.321752
0 0.983947 0.594365 0.030319 0.099890