1 0.075616 0.563629 0.151232 0.681671
1 0.921017 0.613423 0.157967 0.107303
1 0.779582 0.605315 0.135382 0.094074
1 0.681839 0.605306 0.042380 0.054387
1 0.614728 0.611605 0.081229 0.069821
2 0.185170 0.624592 0.082234 0.142160
2 0.298182 0.623649 0.091677 0.185209
2 0.146215 0.628088 0.041203 0.144051
4 0.296647 0.518023 0.075824 0.136851
0 0.983410 0.606809 0.033180 0.123472
0 0.707149 0.606409 0.021190 0.080110
0 0.720982 0.610084 0.019424 0.072761
0 0.630621 0.609768 0.040026 0.133762
0 0.605899 0.608665 0.045912 0.147726
0 0.558221 0.628876 0.055330 0.099954
0 0.551747 0.614912 0.056507 0.123472
0 0.404822 0.608899 0.162752 0.523472
0 0.238411 0.614612 0.042233 0.154341