0 0.991963 0.591692 0.016075 0.088324
0 0.898558 0.614109 0.041922 0.097671
0 0.266223 0.608500 0.018139 0.062765
0 0.222155 0.610492 0.021767 0.078941
0 0.200906 0.610977 0.025913 0.076677
0 0.150503 0.621608 0.037056 0.127439
2 0.750464 0.606158 0.029570 0.057481
2 0.650491 0.607344 0.028073 0.072902
2 0.607072 0.607344 0.033313 0.068229
2 0.340887 0.605766 0.024929 0.045424
2 0.313269 0.605166 0.030319 0.074444
1 0.609692 0.602904 0.051279 0.054677
1 0.077122 0.565306 0.154243 0.700283
1 0.812488 0.608327 0.090647 0.080257
1 0.694647 0.605755 0.046147 0.046302