1 0.077056 0.553968 0.154113 0.704489
1 0.196527 0.607997 0.146540 0.302825
0 0.272131 0.604898 0.113695 0.320700
0 0.326031 0.646431 0.042951 0.180854
0 0.384141 0.623824 0.105273 0.455289
0 0.578264 0.615412 0.114537 0.415333
0 0.742147 0.601216 0.073270 0.330163
0 0.812891 0.595958 0.112010 0.437414
0 0.934165 0.606473 0.106957 0.315443
0 0.852894 0.619091 0.074112 0.363811
0 0.787204 0.605947 0.042109 0.297568
0 0.343528 0.603225 0.012127 0.043321
2 0.647323 0.620670 0.143171 0.198729
4 0.833815 0.525458 0.332371 0.321752