1 0.470634 0.581228 0.196951 0.149196
1 0.603721 0.583286 0.110424 0.134791
1 0.681594 0.608495 0.055212 0.078199
1 0.694367 0.593061 0.093943 0.094662
1 0.747107 0.594605 0.064277 0.083344
1 0.777783 0.594869 0.031197 0.066146
1 0.802138 0.591929 0.051653 0.060266
1 0.930298 0.602136 0.046106 0.051281
1 0.836892 0.597670 0.030216 0.054877
2 0.962279 0.609484 0.026095 0.064023
2 0.994525 0.611888 0.010949 0.045731
0 0.531551 0.584809 0.058273 0.170510
0 0.344336 0.562739 0.041792 0.110243
5 0.871817 0.602782 0.041896 0.047670