1 0.077548 0.554468 0.155096 0.714549
1 0.828754 0.602597 0.109306 0.096012
1 0.915411 0.619215 0.079764 0.119399
1 0.752437 0.601366 0.061054 0.073855
1 0.711078 0.603828 0.041359 0.054160
1 0.643624 0.598904 0.040374 0.039389
1 0.691926 0.605264 0.025637 0.050875
2 0.953028 0.615522 0.093944 0.215411
0 0.577154 0.617984 0.074840 0.304037
0 0.619498 0.667221 0.039389 0.198178
0 0.165534 0.607521 0.131955 0.384047
0 0.215756 0.616137 0.092565 0.356967
0 0.350665 0.616137 0.122107 0.310192
0 0.415657 0.605059 0.074840 0.322501