1 0.617701 0.582575 0.028254 0.041157
1 0.068685 0.531388 0.137371 0.814254
1 0.793205 0.586934 0.088626 0.090165
1 0.272280 0.594165 0.088626 0.080010
4 0.381832 0.541544 0.163959 0.210487
0 0.140448 0.584318 0.106105 0.429591
0 0.791236 0.599705 0.025603 0.066470
0 0.815362 0.594165 0.026588 0.080010
0 0.837518 0.588011 0.017725 0.087395
0 0.852289 0.592319 0.027573 0.086165
2 0.184146 0.608321 0.038405 0.103397
2 0.213688 0.594781 0.038405 0.076317
2 0.638602 0.591704 0.033481 0.070162
2 0.711965 0.591088 0.030527 0.078779