0 0.340547 0.602340 0.011025 0.048177
0 0.330135 0.601958 0.012250 0.045883
0 0.297384 0.604869 0.013194 0.056079
0 0.314289 0.605740 0.016170 0.046265
0 0.282623 0.605109 0.017517 0.063509
0 0.268137 0.609525 0.019539 0.059724
0 0.720142 0.612829 0.124643 0.315443
0 0.664979 0.617561 0.106957 0.314391
2 0.357282 0.606027 0.027371 0.052574
2 0.142166 0.625618 0.032003 0.101643
1 0.585546 0.603858 0.049408 0.045564
1 0.738694 0.613037 0.177981 0.123373
1 0.845669 0.609899 0.062883 0.084819
1 0.909938 0.607299 0.180124 0.153515
1 0.077122 0.565306 0.154243 0.700283