0 0.067353 0.628541 0.025752 0.099035
0 0.045207 0.631113 0.033993 0.117042
0 0.396592 0.621728 0.018541 0.062379
0 0.139040 0.626850 0.035480 0.116635
0 0.166681 0.623348 0.031703 0.121065
2 0.193313 0.641408 0.073651 0.117042
2 0.380019 0.641238 0.046972 0.100836
2 0.469478 0.638132 0.042851 0.090547
2 0.645861 0.633041 0.041203 0.113183
2 0.617019 0.646417 0.072518 0.172862
5 0.296115 0.634954 0.105068 0.153055
1 0.547764 0.630415 0.113721 0.112154
1 0.705628 0.635117 0.081582 0.074084
1 0.800842 0.643407 0.156572 0.119357
4 0.899205 0.585275 0.201589 0.180064