1 0.075610 0.563085 0.151220 0.694533
1 0.853584 0.611354 0.150642 0.095303
1 0.343787 0.611632 0.113376 0.112552
1 0.751894 0.606586 0.072517 0.068751
1 0.597468 0.602096 0.048757 0.040300
1 0.638671 0.604240 0.026782 0.036013
0 0.153605 0.610291 0.106494 0.408942
0 0.873639 0.614936 0.062491 0.138049
0 0.904885 0.610648 0.028842 0.103751
0 0.947462 0.614078 0.042577 0.136334
0 0.979244 0.615004 0.041512 0.337049
2 0.179804 0.646735 0.035023 0.108896
2 0.221694 0.619726 0.043263 0.108039
2 0.288649 0.621441 0.063178 0.133762
2 0.481709 0.614563 0.052191 0.142336
2 0.558278 0.608989 0.047384 0.127760
2 0.620817 0.608956 0.014421 0.045445