0 0.796384 0.595373 0.022250 0.067910
0 0.885649 0.595244 0.035538 0.087460
0 0.965383 0.671795 0.069233 0.304823
0 0.699963 0.602270 0.020602 0.068167
0 0.450601 0.607891 0.061805 0.152626
0 0.425536 0.601889 0.037770 0.147481
1 0.078418 0.558195 0.156835 0.702250
1 0.746609 0.601581 0.072324 0.072026
1 0.666322 0.604030 0.046697 0.050589
2 0.858608 0.611324 0.086527 0.127331
2 0.618919 0.612159 0.153825 0.231511
2 0.577037 0.600633 0.030216 0.079743
2 0.155219 0.621581 0.059058 0.159485
2 0.250674 0.604243 0.104656 0.328231
4 0.364838 0.557675 0.158157 0.208360