0 0.921780 0.576405 0.027927 0.105099
0 0.957337 0.572455 0.034641 0.108987
0 0.936698 0.566651 0.019228 0.109182
0 0.892959 0.574346 0.020602 0.084602
0 0.874647 0.574918 0.023348 0.089175
0 0.843725 0.572621 0.023806 0.096034
0 0.827015 0.575479 0.027011 0.088031
0 0.797470 0.570315 0.020144 0.084602
0 0.615205 0.581230 0.021059 0.065166
0 0.597579 0.592663 0.025180 0.056020
2 0.009668 0.593258 0.019336 0.074312
2 0.056877 0.592687 0.042119 0.107467
2 0.120284 0.587542 0.026095 0.066309
2 0.152560 0.586113 0.025637 0.071454
2 0.450603 0.585031 0.015657 0.039100