1 0.571417 0.602771 0.031589 0.032583
1 0.075610 0.563085 0.151220 0.694533
1 0.863179 0.611354 0.045323 0.095303
1 0.342512 0.611174 0.110825 0.111635
1 0.610336 0.604081 0.045323 0.034727
0 0.140849 0.610291 0.126356 0.408942
0 0.158494 0.613872 0.025752 0.092604
0 0.180126 0.613872 0.031932 0.102894
0 0.214118 0.635094 0.062835 0.266238
0 0.263047 0.615158 0.086527 0.321543
0 0.794402 0.593036 0.284302 0.813929
0 0.986766 0.607465 0.026467 0.119357
0 0.962820 0.577626 0.028018 0.059678
2 0.480509 0.620854 0.109188 0.173633
2 0.651025 0.607296 0.033993 0.066881
2 0.927385 0.615696 0.123609 0.152283