1 0.976120 0.636632 0.047760 0.083703
1 0.923683 0.632324 0.053176 0.075086
2 0.115460 0.669867 0.230921 0.323117
2 0.643525 0.640017 0.024618 0.066470
2 0.619892 0.644325 0.024618 0.062777
0 0.215165 0.636325 0.042344 0.120630
0 0.220581 0.658481 0.033481 0.081241
0 0.280650 0.624631 0.043328 0.109552
0 0.376662 0.639402 0.026588 0.080010
0 0.432299 0.635709 0.019695 0.089857
0 0.719350 0.627708 0.036435 0.132939
0 0.764648 0.641864 0.036435 0.080010
0 0.782866 0.630785 0.043328 0.102166
0 0.699655 0.637555 0.018710 0.066470
0 0.684884 0.641864 0.018710 0.065239
0 0.664697 0.638786 0.021664 0.068932