1 0.077548 0.554468 0.155096 0.703471
1 0.961595 0.608013 0.076809 0.112629
1 0.769572 0.611706 0.103397 0.105244
1 0.658050 0.607090 0.155096 0.129247
4 0.358198 0.557238 0.175775 0.217873
4 0.657312 0.515694 0.162482 0.090473
0 0.185377 0.618168 0.069424 0.302807
0 0.231905 0.611706 0.044313 0.149557
0 0.147710 0.609860 0.029542 0.149557
0 0.282866 0.609860 0.045790 0.153250
0 0.387001 0.606167 0.041359 0.138479
0 0.487445 0.612629 0.038405 0.136632
0 0.521418 0.620938 0.044313 0.120015
0 0.571640 0.608936 0.038405 0.144018
0 0.604874 0.612629 0.031019 0.136632
0 0.641802 0.603397 0.028065 0.140325
0 0.646233 0.618168 0.031019 0.114476
0 0.677253 0.606167 0.060561 0.156942
0 0.703840 0.609860 0.028065 0.142171
2 0.905465 0.608013 0.174298 0.193870