1 0.077122 0.565306 0.154243 0.700283
1 0.902388 0.610945 0.154119 0.134589
1 0.837089 0.601990 0.052215 0.068346
1 0.735594 0.604061 0.078323 0.066243
1 0.685023 0.611947 0.041267 0.079912
1 0.627334 0.615101 0.101062 0.103045
1 0.571718 0.602499 0.033687 0.048368
1 0.157829 0.614312 0.035933 0.145805
2 0.948466 0.616770 0.103069 0.255509
2 0.802981 0.615133 0.044636 0.086221
2 0.739805 0.610895 0.044636 0.084118
2 0.439722 0.622713 0.242548 0.260766
2 0.295385 0.621322 0.075235 0.199080
0 0.499797 0.626218 0.104430 0.318247
0 0.362198 0.617817 0.116782 0.466855
0 0.205553 0.634640 0.122397 0.407973