1 0.069287 0.539305 0.138574 0.813842
1 0.210745 0.603432 0.049689 0.091477
1 0.914994 0.599791 0.170013 0.180064
1 0.862126 0.594647 0.108776 0.089518
1 0.811446 0.596704 0.035435 0.068939
1 0.361317 0.599335 0.051916 0.115241
1 0.283810 0.602847 0.042027 0.099807
4 0.710887 0.545733 0.173877 0.209903
4 0.359678 0.549856 0.076638 0.189325
0 0.593829 0.595707 0.084878 0.348810
0 0.447896 0.631813 0.159044 0.435241
0 0.427687 0.601989 0.108784 0.455968
2 0.323777 0.591014 0.021426 0.059678
2 0.246715 0.601818 0.063453 0.151254
2 0.169231 0.608530 0.066726 0.146183
2 0.128451 0.631718 0.032962 0.112154