1 0.470581 0.582318 0.198671 0.149249
1 0.603644 0.583395 0.112260 0.131709
1 0.680699 0.607706 0.056130 0.071393
1 0.693993 0.593550 0.090596 0.097243
1 0.749138 0.596012 0.061054 0.080010
1 0.928600 0.602237 0.047267 0.049852
1 0.958511 0.605930 0.022895 0.044313
1 0.983133 0.609622 0.033734 0.048006
1 0.801938 0.594851 0.058346 0.066470
1 0.837019 0.597621 0.031019 0.059084
5 0.873166 0.606782 0.039586 0.037666
0 0.759840 0.595313 0.033235 0.098781
0 0.791229 0.599006 0.035451 0.089549
2 0.278920 0.566848 0.125061 0.313885