1 0.076809 0.548006 0.153619 0.720089
1 0.970458 0.612322 0.051206 0.093550
1 0.876416 0.606782 0.156573 0.121861
1 0.720827 0.612937 0.172329 0.119399
2 0.352536 0.615707 0.062038 0.103397
2 0.409650 0.613860 0.036435 0.104628
2 0.430822 0.611398 0.031511 0.097243
2 0.853767 0.610475 0.071886 0.129247
0 0.611029 0.624323 0.065977 0.312654
0 0.559823 0.615707 0.103397 0.320039
0 0.530281 0.628631 0.127031 0.326194
0 0.218612 0.604628 0.118168 0.339734
0 0.260463 0.680330 0.060069 0.168636
0 0.174791 0.630478 0.089611 0.310192
0 0.216642 0.656942 0.049237 0.240030
4 0.439192 0.584934 0.064993 0.093550