4 0.879824 0.570453 0.065731 0.057238
4 0.954867 0.560759 0.090265 0.124631
1 0.721699 0.605657 0.066765 0.039143
1 0.647253 0.641477 0.148301 0.100443
1 0.528199 0.641846 0.133530 0.089365
1 0.810695 0.642523 0.194239 0.125554
1 0.922955 0.633291 0.092319 0.088626
1 0.983819 0.666988 0.032363 0.108013
0 0.975030 0.625352 0.049940 0.116691
0 0.431167 0.626134 0.022790 0.070690
0 0.073032 0.625299 0.034184 0.116586
0 0.047500 0.626882 0.027010 0.115531
0 0.014465 0.623980 0.028930 0.126609
2 0.185954 0.672558 0.234860 0.476366