1 0.078679 0.558932 0.157357 0.694533
1 0.763984 0.608269 0.079110 0.065852
1 0.336295 0.611870 0.113721 0.112154
0 0.825396 0.602426 0.034611 0.086431
0 0.671227 0.664818 0.115369 0.285016
0 0.673700 0.614914 0.102184 0.356013
0 0.576872 0.606683 0.071693 0.290160
0 0.623844 0.603596 0.122785 0.316913
0 0.589645 0.601538 0.118665 0.288103
0 0.451078 0.609787 0.034611 0.137878
0 0.332825 0.611845 0.030490 0.129646
0 0.358783 0.607729 0.037907 0.137878
0 0.198462 0.621108 0.045323 0.127588
0 0.216592 0.615964 0.033786 0.123473