1 0.069398 0.537243 0.138797 0.809636
1 0.357050 0.598705 0.044605 0.087436
1 0.418494 0.600952 0.119457 0.107852
1 0.990350 0.624804 0.019299 0.079375
1 0.698124 0.593069 0.044735 0.051447
1 0.822465 0.599406 0.035709 0.069739
0 0.581280 0.596117 0.152452 0.468167
0 0.443656 0.592593 0.124525 0.332690
0 0.512786 0.593736 0.123609 0.314398
0 0.359832 0.602234 0.068672 0.146338
0 0.354338 0.590230 0.039372 0.168060
2 0.750213 0.623556 0.177173 0.444158
2 0.286130 0.590833 0.035435 0.065852
2 0.639665 0.591259 0.022474 0.044899
2 0.153789 0.606745 0.033878 0.130332