1 0.069763 0.535968 0.139526 0.809653
1 0.797658 0.600050 0.082995 0.069968
1 0.745073 0.595346 0.058508 0.056592
1 0.608365 0.589991 0.028842 0.031897
0 0.496772 0.595466 0.067298 0.427859
0 0.914359 0.589258 0.018313 0.082887
0 0.929925 0.590115 0.023806 0.085745
0 0.982737 0.584113 0.026782 0.098892
0 0.989329 0.604504 0.021343 0.065166
0 0.993106 0.558202 0.013789 0.046302
0 0.462718 0.603897 0.122236 0.454448
0 0.386492 0.620189 0.123609 0.463022
0 0.252582 0.604755 0.133223 0.493890
0 0.708421 0.587108 0.012361 0.043324
2 0.889996 0.609510 0.046972 0.095691
2 0.132562 0.602822 0.040379 0.131704
2 0.674702 0.591792 0.018953 0.051961