0 0.077957 0.555894 0.049689 0.139846
0 0.027847 0.550111 0.042109 0.130383
0 0.991538 0.555812 0.016925 0.076758
0 0.933808 0.558441 0.031161 0.084118
1 0.383711 0.574771 0.123801 0.129332
1 0.597625 0.571091 0.152435 0.124074
1 0.511302 0.565308 0.072428 0.095684
1 0.469193 0.564256 0.042109 0.080964
1 0.247699 0.551638 0.030318 0.041008
1 0.283913 0.562679 0.035372 0.060986
1 0.422005 0.524717 0.074954 0.067294
1 0.440071 0.562366 0.038456 0.069168
1 0.321955 0.568368 0.032047 0.088031
1 0.305245 0.567225 0.026095 0.068596