0 0.200376 0.663047 0.103083 0.200201
0 0.199029 0.619306 0.084218 0.317966
0 0.262361 0.615100 0.062658 0.144683
0 0.320640 0.619726 0.053900 0.120289
0 0.454068 0.610498 0.060637 0.135430
0 0.385683 0.615124 0.146203 0.338155
0 0.958636 0.612185 0.082728 0.385892
0 0.926550 0.621950 0.047643 0.097937
0 0.931843 0.604826 0.027431 0.115362
0 0.865883 0.628232 0.032244 0.085320
0 0.844708 0.616215 0.042831 0.118967
0 0.823533 0.607503 0.040906 0.144803
0 0.724370 0.613178 0.057268 0.132186
2 0.238443 0.626456 0.020212 0.074865
2 0.281226 0.611315 0.024929 0.073183
1 0.079485 0.553968 0.158969 0.704489
1 0.758057 0.609573 0.114055 0.082916
1 0.679854 0.604165 0.068337 0.075706