2 0.881352 0.617919 0.016893 0.044244
2 0.647833 0.622571 0.030019 0.061736
2 0.702574 0.632126 0.050032 0.099954
2 0.777945 0.631000 0.028842 0.059531
2 0.814465 0.634665 0.037083 0.088930
2 0.838900 0.622526 0.028254 0.058797
2 0.924867 0.643922 0.054153 0.123473
0 0.321564 0.609727 0.025409 0.041157
0 0.362264 0.628510 0.021779 0.079375
0 0.680795 0.624409 0.020602 0.062471
0 0.856853 0.612236 0.015893 0.044097
1 0.616414 0.620352 0.049642 0.073586
1 0.175649 0.636294 0.351298 0.163895
1 0.535380 0.634009 0.207781 0.134497
1 0.939298 0.627292 0.110071 0.100689
1 0.988337 0.610388 0.023325 0.046302