1 0.786385 0.584551 0.066604 0.062441
1 0.622292 0.578509 0.058547 0.050356
1 0.121731 0.452561 0.243462 0.851221
2 0.344633 0.578383 0.014771 0.045236
2 0.284072 0.585768 0.020680 0.082164
2 0.308075 0.590846 0.052437 0.108936
2 0.661079 0.572628 0.016544 0.050222
2 0.672895 0.582229 0.023634 0.069424
0 0.719348 0.582068 0.115214 0.402511
0 0.883623 0.571121 0.027432 0.082823
0 0.893541 0.574286 0.019413 0.080713
0 0.903151 0.574286 0.021753 0.080713
0 0.959166 0.570857 0.021523 0.094957
0 0.969084 0.571649 0.022790 0.099705
0 0.984964 0.575605 0.030072 0.107618