1 0.466001 0.577334 0.171344 0.171098
1 0.385745 0.573518 0.064402 0.114476
1 0.332766 0.562255 0.072083 0.093058
1 0.280526 0.561209 0.035943 0.054161
1 0.247045 0.556593 0.028065 0.037543
1 0.981844 0.600690 0.036313 0.108013
2 0.229960 0.587612 0.072772 0.140940
2 0.162407 0.595305 0.047858 0.202363
5 0.088294 0.590966 0.176587 0.403434
4 0.623510 0.487969 0.099262 0.048006
0 0.821039 0.556985 0.013663 0.057116
0 0.832417 0.559287 0.011817 0.056203
0 0.809604 0.558775 0.010832 0.051074
0 0.859374 0.561236 0.012309 0.063384
0 0.887858 0.557311 0.015756 0.061388
0 0.961307 0.557091 0.015583 0.063058
0 0.975271 0.544100 0.012408 0.026263
0 0.992405 0.536653 0.014771 0.020231
0 0.984158 0.534358 0.011817 0.022359