1 0.471073 0.584318 0.199163 0.148941
1 0.603644 0.585087 0.109306 0.130785
1 0.695224 0.595858 0.084687 0.092011
1 0.803422 0.595550 0.053914 0.063700
1 0.833580 0.596473 0.027080 0.060007
1 0.971196 0.606782 0.056130 0.055391
1 0.680330 0.610783 0.058346 0.073855
1 0.929468 0.603705 0.037666 0.046775
1 0.748154 0.595704 0.064993 0.079394
0 0.631059 0.592165 0.035840 0.142479
0 0.901896 0.602320 0.019941 0.052006
0 0.461226 0.573240 0.064254 0.211103
0 0.680945 0.535543 0.022157 0.030465
2 0.865214 0.615245 0.079025 0.195409