1 0.528179 0.583149 0.081862 0.140477
1 0.603721 0.583286 0.110424 0.134791
1 0.681594 0.608495 0.055212 0.078199
1 0.694367 0.593061 0.093943 0.094662
1 0.747107 0.594605 0.064277 0.083344
1 0.777783 0.594869 0.031197 0.066146
1 0.802844 0.596135 0.054029 0.060266
1 0.933397 0.602791 0.042232 0.052592
1 0.958193 0.606996 0.023545 0.040423
1 0.836892 0.597670 0.030216 0.054877
0 0.934333 0.603228 0.019089 0.048368
0 0.905137 0.600073 0.019089 0.057481
2 0.461823 0.607085 0.198760 0.448042
2 0.875628 0.601469 0.030724 0.050960