1 0.809384 0.592675 0.041203 0.053652
1 0.077548 0.554468 0.155096 0.703471
1 0.895126 0.612629 0.152634 0.109552
1 0.776957 0.612014 0.093550 0.108321
1 0.658296 0.609552 0.161497 0.130478
4 0.358198 0.557238 0.175775 0.217873
4 0.658296 0.520926 0.159527 0.098474
0 0.842442 0.603397 0.066962 0.152634
0 0.730182 0.605244 0.059084 0.141556
0 0.665682 0.607090 0.052191 0.147710
0 0.623338 0.608936 0.034466 0.144018
0 0.579025 0.606475 0.048252 0.139094
0 0.537174 0.620630 0.047267 0.118168
0 0.462826 0.615707 0.069916 0.140325
0 0.411620 0.608936 0.064008 0.146479
0 0.363860 0.620015 0.043328 0.116938
0 0.355982 0.616937 0.055145 0.135401
0 0.334318 0.608321 0.035450 0.152634
0 0.166913 0.618168 0.037420 0.140325
2 0.202856 0.616322 0.065977 0.146479
2 0.147218 0.622477 0.027573 0.126785