0 0.125380 0.608005 0.062629 0.339734
0 0.407876 0.608197 0.093156 0.316716
0 0.531756 0.615767 0.127031 0.308961
1 0.077154 0.557853 0.154308 0.709010
1 0.694751 0.610865 0.114033 0.091580
1 0.750586 0.582431 0.044904 0.027326
1 0.768311 0.606065 0.037814 0.058346
1 0.819714 0.611235 0.102806 0.083456
1 0.585150 0.602372 0.020089 0.045052
2 0.630497 0.603110 0.025406 0.058346
2 0.220295 0.615160 0.039143 0.074778
2 0.308921 0.611467 0.027326 0.069239
2 0.333293 0.602466 0.020679 0.049391
2 0.296269 0.600873 0.012186 0.042467