2 0.697206 0.632997 0.045495 0.089365
2 0.238120 0.610664 0.030034 0.077548
2 0.194870 0.609970 0.035943 0.094781
2 0.221458 0.611201 0.031019 0.084934
2 0.288420 0.617355 0.069424 0.134170
2 0.356451 0.595374 0.018147 0.060667
2 0.386205 0.603024 0.014349 0.037983
1 0.075693 0.561506 0.151386 0.697932
1 0.757844 0.607015 0.053176 0.067085
1 0.740857 0.602400 0.062531 0.066470
1 0.816084 0.610146 0.105170 0.080502
0 0.127042 0.612388 0.064008 0.324963
0 0.563403 0.609864 0.076071 0.282496
0 0.640582 0.611711 0.101920 0.282496