1 0.121731 0.452561 0.243462 0.851221
1 0.597490 0.578509 0.037814 0.036189
1 0.792123 0.586263 0.044805 0.061546
1 0.761338 0.583644 0.023097 0.051027
0 0.719348 0.582068 0.115214 0.402511
0 0.887889 0.571121 0.018900 0.082823
0 0.893541 0.574286 0.019413 0.080713
0 0.902627 0.574286 0.020705 0.080713
0 0.959166 0.570857 0.021523 0.094957
0 0.969084 0.571649 0.022790 0.099705
0 0.984964 0.575605 0.030072 0.107618
2 0.863865 0.586349 0.048055 0.094042
2 0.328066 0.582201 0.029542 0.077548
2 0.225555 0.590325 0.031315 0.083456
2 0.404580 0.576293 0.018316 0.040620
4 0.478731 0.562630 0.030724 0.045790