1 0.0764236 0.559048 0.152694 0.703663 0.917448
2 0.723648 0.608878 0.0315866 0.0786573 0.888685
1 0.906256 0.5916 0.187203 0.193006 0.888538
2 0.579134 0.6153 0.149823 0.220184 0.874902
1 0.630922 0.605349 0.0681856 0.0879332 0.848852
1 0.755323 0.603685 0.0591502 0.0662279 0.812913
2 0.251801 0.61425 0.0372291 0.0783685 0.756232
2 0.338178 0.606546 0.0212831 0.0494125 0.735211
1 0.69035 0.605747 0.0519744 0.0506714 0.700112
1 0.422953 0.60425 0.0443809 0.0342657 0.66564
2 0.298339 0.608419 0.023241 0.0581897 0.553283
