1 0.120219 0.447962 0.240205 0.857928 0.958446
1 0.754638 0.59553 0.214531 0.134172 0.915402
0 0.536094 0.582677 0.0978606 0.375618 0.862748
1 0.597394 0.578709 0.0350754 0.0428328 0.826225
2 0.298962 0.590081 0.0955358 0.155088 0.820158
1 0.646305 0.585112 0.0776505 0.0783807 0.81587
0 0.462683 0.579787 0.110812 0.33879 0.752383
2 0.969041 0.593039 0.0619181 0.131239 0.701478
2 0.22584 0.586609 0.0268207 0.0848919 0.60904
1 0.424824 0.579333 0.0421062 0.048517 0.598892
2 0.351775 0.583085 0.0226801 0.0559406 0.58068
