4 0.383282 0.549203 0.162047 0.212271 0.956457
1 0.0702708 0.536427 0.139569 0.813727 0.923307
0 0.801686 0.605099 0.168368 0.497553 0.884486
1 0.235727 0.609188 0.102289 0.112366 0.818178
1 0.743443 0.593593 0.0497241 0.0579592 0.801146
0 0.160164 0.614692 0.0788027 0.27933 0.768962
1 0.706398 0.594132 0.0461561 0.0421354 0.689713
1 0.683863 0.592708 0.0418214 0.0416737 0.615652
1 0.769801 0.594237 0.0385695 0.0634129 0.566471
2 0.882793 0.607054 0.0330152 0.0852832 0.564968
1 0.27845 0.605699 0.0304282 0.0858355 0.517321
