0 0.935038 0.637829 0.129925 0.331533 0.949653
1 0.0775236 0.558147 0.155047 0.703435 0.902177
0 0.714227 0.622611 0.135905 0.309024 0.867981
0 0.572637 0.627684 0.129155 0.321463 0.85053
1 0.643241 0.616134 0.103519 0.112128 0.847679
1 0.859671 0.611236 0.0679447 0.0887541 0.846813
0 0.179233 0.62002 0.108343 0.381562 0.836062
2 0.260979 0.602273 0.170201 0.294801 0.813111
2 0.321756 0.61534 0.0478447 0.104371 0.780626
2 0.449923 0.61964 0.0876239 0.214103 0.771855
0 0.793869 0.618429 0.0824761 0.33218 0.741691
0 0.518766 0.616396 0.116192 0.333005 0.708278
