1 0.0758386 0.561832 0.150099 0.704923 0.907583
1 0.67842 0.619639 0.148752 0.12011 0.884692
2 0.377702 0.620963 0.0493984 0.111601 0.867242
4 0.937522 0.52339 0.124956 0.362261 0.855457
1 0.810939 0.619409 0.134862 0.137471 0.835572
2 0.350105 0.606049 0.0231472 0.0566472 0.806448
0 0.15335 0.61557 0.134079 0.396544 0.798232
2 0.322834 0.60849 0.0199021 0.0500978 0.712482
1 0.612281 0.609273 0.0556107 0.091193 0.661637
2 0.207294 0.614367 0.024656 0.0750996 0.633716
1 0.777547 0.587446 0.0773886 0.0531635 0.585734
1 0.78017 0.608962 0.079567 0.0947999 0.566491
2 0.256962 0.613408 0.0250543 0.0731345 0.541734
2 0.231543 0.614719 0.027305 0.0844758 0.502627
