1 0.469961 0.582323 0.197816 0.148681 0.94551
1 0.603491 0.584266 0.109516 0.134297 0.936717
1 0.680364 0.608943 0.0564301 0.0773507 0.91215
1 0.924048 0.615182 0.098488 0.0985405 0.907533
1 0.837017 0.599422 0.0306036 0.056572 0.866457
1 0.777203 0.595194 0.0291107 0.0707477 0.844919
1 0.806401 0.597402 0.048656 0.0612713 0.809091
1 0.16694 0.544905 0.332253 0.897408 0.809088
1 0.692765 0.594212 0.0886068 0.0935969 0.801985
0 0.734644 0.597134 0.0345275 0.103747 0.775679
1 0.746963 0.594459 0.0648192 0.0906398 0.610867
