1 0.0764822 0.557939 0.152964 0.70421 0.924074
1 0.882136 0.613232 0.219336 0.119925 0.913874
1 0.6762 0.611825 0.109492 0.0847924 0.900624
0 0.274693 0.609262 0.121359 0.309568 0.86582
0 0.441136 0.606111 0.08514 0.303522 0.865001
1 0.784042 0.60301 0.0874894 0.0868403 0.853011
1 0.614766 0.608582 0.0581266 0.0698 0.844627
2 0.173099 0.627053 0.0685738 0.154085 0.838689
1 0.576698 0.602656 0.0408693 0.0483615 0.795658
0 0.35092 0.612398 0.0829639 0.316834 0.782914
1 0.738793 0.602962 0.0359688 0.0656694 0.696007
