4 0.441809 0.534467 0.255238 0.29617 0.92711
1 0.078309 0.546415 0.155314 0.724957 0.902135
0 0.34115 0.61487 0.114154 0.232899 0.838031
2 0.733389 0.611967 0.0476475 0.109879 0.801117
0 0.551572 0.615559 0.0614916 0.225283 0.775264
0 0.423832 0.612685 0.103878 0.249295 0.722457
0 0.638869 0.60225 0.0380348 0.145758 0.7114
1 0.818467 0.601584 0.122998 0.113961 0.707773
0 0.974998 0.605363 0.0438232 0.129352 0.680852
0 0.145999 0.611347 0.103354 0.342107 0.680826
2 0.670786 0.607282 0.0372572 0.0950757 0.672087
0 0.801082 0.609625 0.0448361 0.130264 0.57292
1 0.701546 0.601133 0.0373426 0.0482373 0.568159
