4 0.163686 0.534682 0.186159 0.22503 0.880351
0 0.752269 0.58737 0.0617146 0.146549 0.815981
2 0.462121 0.58676 0.031401 0.0769477 0.813408
0 0.0539008 0.60575 0.105519 0.41537 0.811036
1 0.404803 0.583078 0.0440931 0.0370833 0.779653
0 0.196101 0.595005 0.0548361 0.144498 0.728628
2 0.10563 0.597226 0.0930703 0.169034 0.722821
0 0.889305 0.582824 0.0292803 0.0953168 0.708865
0 0.23666 0.59917 0.0461206 0.12589 0.679055
0 0.652278 0.59185 0.0586708 0.13088 0.650931
0 0.715584 0.579452 0.0316432 0.0994453 0.645393
0 0.573601 0.590505 0.0433853 0.14538 0.645024
0 0.346892 0.590216 0.0475626 0.133853 0.56187
0 0.546635 0.590662 0.0435988 0.140336 0.522874
0 0.931028 0.592108 0.0412206 0.114605 0.522521
0 0.194891 0.589036 0.0375311 0.140707 0.512815
