1 0.814201 0.577257 0.0826101 0.0876564 0.871869
1 0.528361 0.585121 0.0816997 0.086648 0.869346
1 0.438132 0.578348 0.119293 0.122188 0.867433
1 0.198811 0.595051 0.341438 0.210181 0.851635
1 0.922417 0.638676 0.155165 0.421345 0.850912
0 0.65178 0.586419 0.0524645 0.153899 0.805603
1 0.59712 0.579833 0.0639695 0.0715469 0.79351
1 0.0465709 0.554345 0.0913042 0.440855 0.670127
1 0.337265 0.583149 0.211933 0.164027 0.638029
0 0.708463 0.579277 0.0236099 0.071587 0.582677
1 0.767601 0.583361 0.0271403 0.0630856 0.57609
1 0.293968 0.583942 0.272818 0.16998 0.568035
