1 0.0773193 0.552763 0.154335 0.710962 0.901333
1 0.814963 0.610356 0.104889 0.0804514 0.87754
1 0.335311 0.609234 0.0850127 0.0705035 0.873657
0 0.245972 0.6157 0.0564077 0.132505 0.788351
2 0.196285 0.614781 0.0390664 0.08031 0.772659
0 0.570084 0.612068 0.0653851 0.133145 0.757131
1 0.742331 0.603082 0.0690387 0.0715414 0.752891
0 0.919661 0.609252 0.0346782 0.112436 0.734699
1 0.759563 0.604712 0.04893 0.065762 0.69633
2 0.637296 0.603886 0.0224113 0.0537238 0.674645
0 0.975823 0.605289 0.0394791 0.136112 0.661203
0 0.695361 0.605957 0.0280206 0.0752618 0.601355
