1 0.0699393 0.532669 0.139402 0.814609 0.930627
1 0.760338 0.601144 0.220772 0.15794 0.902212
1 0.301641 0.593856 0.0871214 0.0819178 0.871686
2 0.366558 0.599971 0.0525531 0.113675 0.840209
0 0.950454 0.597671 0.0990923 0.470911 0.839745
2 0.430553 0.603897 0.052002 0.113262 0.83658
4 0.462639 0.565859 0.0692155 0.0941712 0.778751
1 0.614709 0.585449 0.0370269 0.0400098 0.765805
1 0.900204 0.611834 0.0559195 0.0963216 0.705812
1 0.874307 0.597232 0.0595319 0.0938939 0.694163
1 0.657271 0.601496 0.0531674 0.099431 0.657592
1 0.39985 0.58878 0.035987 0.0445077 0.541638
