2 0.742698 0.618108 0.184508 0.439914 0.96913
1 0.0703747 0.538639 0.139768 0.818271 0.936718
0 0.37206 0.595095 0.100388 0.30844 0.867339
0 0.573093 0.600637 0.157688 0.461248 0.840299
2 0.145407 0.605282 0.0471669 0.122935 0.824964
0 0.289148 0.593545 0.0993125 0.323991 0.799374
1 0.440618 0.601642 0.0754607 0.107079 0.764549
1 0.979978 0.610703 0.0400442 0.108639 0.719638
2 0.636518 0.591106 0.0204794 0.0474158 0.708729
1 0.818464 0.597867 0.0411239 0.0668626 0.669105
1 0.413472 0.601202 0.128761 0.108081 0.620832
1 0.690501 0.585923 0.0273204 0.0629094 0.512521
