1 0.604524 0.583974 0.108296 0.133939 0.935896
1 0.747105 0.595085 0.0616651 0.0822725 0.889042
1 0.879059 0.611539 0.129576 0.137269 0.887771
1 0.680522 0.610058 0.0537827 0.0772976 0.887483
1 0.232703 0.529037 0.461177 0.769977 0.881913
1 0.694757 0.594201 0.0897657 0.0929546 0.873382
1 0.496818 0.584551 0.147638 0.150794 0.86154
1 0.959869 0.609297 0.0689306 0.104542 0.845061
1 0.801806 0.596513 0.0458694 0.0607805 0.804613
0 0.482406 0.588627 0.0586035 0.186004 0.76162
1 0.77722 0.595952 0.0312139 0.0638238 0.681783
