1 0.0754592 0.561347 0.149418 0.705425 0.908266
1 0.856207 0.601994 0.287585 0.16894 0.889663
2 0.388383 0.616041 0.0402195 0.0961399 0.836058
0 0.642043 0.632321 0.0820284 0.288051 0.816582
0 0.149717 0.614813 0.131543 0.39853 0.80586
2 0.213562 0.617864 0.0343072 0.0904061 0.764566
0 0.979431 0.632947 0.0411388 0.304395 0.683809
0 0.565371 0.668406 0.0656671 0.223702 0.676766
2 0.32299 0.610456 0.0220071 0.0585936 0.638313
2 0.169601 0.618287 0.0284679 0.0872399 0.572265
2 0.365573 0.606905 0.0182801 0.0495 0.538548
