1 0.0757383 0.55852 0.151477 0.701014 0.914621
0 0.468233 0.627756 0.105144 0.265335 0.911339
1 0.656276 0.611589 0.0766157 0.0710413 0.853661
0 0.916565 0.622117 0.16687 0.374946 0.84157
1 0.613719 0.6077 0.0523628 0.0634964 0.822428
0 0.230385 0.628988 0.0906934 0.288001 0.794778
4 0.344374 0.558312 0.182386 0.217133 0.78395
0 0.39115 0.612466 0.0894474 0.304538 0.781957
1 0.765035 0.596962 0.155493 0.130757 0.776005
1 0.78993 0.608774 0.123647 0.14429 0.701752
1 0.826171 0.610851 0.200343 0.143648 0.656592
0 0.280087 0.614445 0.102278 0.324658 0.571152
1 0.584459 0.600384 0.0488265 0.0625875 0.559684
0 0.879741 0.601642 0.0906904 0.27905 0.542021
