1 0.07765 0.555108 0.155001 0.709503 0.914807
1 0.763794 0.608463 0.0753851 0.0685211 0.856148
0 0.203313 0.620203 0.0549391 0.134133 0.791494
0 0.668632 0.619132 0.112542 0.374872 0.752805
1 0.33379 0.610884 0.111825 0.114959 0.750202
0 0.454627 0.611507 0.036763 0.140891 0.72688
0 0.344456 0.61276 0.0523378 0.134538 0.725481
0 0.828735 0.601996 0.0271448 0.0820583 0.718858
0 0.571183 0.604751 0.0842438 0.297453 0.644992
0 0.21507 0.619702 0.0378643 0.131332 0.540591
0 0.628318 0.601469 0.124469 0.335407 0.535309
