1 0.0696247 0.538956 0.138289 0.812606 0.93298
0 0.830167 0.60571 0.128006 0.461696 0.894677
1 0.622679 0.593237 0.0474424 0.0427989 0.847654
2 0.320731 0.607046 0.0486849 0.122146 0.814457
0 0.505988 0.593437 0.0850727 0.334692 0.787383
1 0.77176 0.594759 0.0447109 0.0684934 0.757885
0 0.364527 0.615439 0.0961182 0.31373 0.73373
2 0.143301 0.61193 0.0532969 0.132315 0.732846
2 0.212129 0.609545 0.0605458 0.131034 0.72385
4 0.426344 0.561797 0.0917442 0.149606 0.703301
2 0.263273 0.610696 0.0600335 0.121093 0.690436
5 0.43009 0.602704 0.0666188 0.124142 0.600303
