0 0.203063 0.597493 0.0627242 0.20225 0.86282
1 0.850217 0.590273 0.142478 0.141468 0.843452
1 0.596263 0.580168 0.134864 0.136317 0.841672
0 0.129959 0.594937 0.0675142 0.217471 0.840081
1 0.0898532 0.595888 0.156302 0.147684 0.835664
1 0.916828 0.612837 0.166344 0.208479 0.830305
1 0.364599 0.580819 0.0587432 0.0728263 0.777463
1 0.277114 0.580146 0.0949285 0.0947233 0.761303
1 0.326173 0.582846 0.0854043 0.0901331 0.718716
1 0.457406 0.582203 0.0398232 0.0444485 0.699328
1 0.409746 0.578955 0.0559354 0.0695397 0.690495
1 0.524071 0.590374 0.0261903 0.0862027 0.564348
