1 0.0794146 0.537922 0.157745 0.742688 0.909647
1 0.656923 0.597956 0.0887592 0.0829924 0.880681
1 0.213928 0.612091 0.10481 0.0865915 0.850247
1 0.398345 0.611716 0.113818 0.0894463 0.830127
2 0.764927 0.601595 0.0414308 0.0848234 0.82176
1 0.3342 0.60857 0.0537438 0.0781565 0.802191
0 0.934592 0.608583 0.130817 0.752923 0.747111
2 0.290849 0.60701 0.0264944 0.0600392 0.700277
1 0.709832 0.597826 0.0349922 0.0492386 0.664149
1 0.754371 0.594144 0.07255 0.0621942 0.602412
1 0.737375 0.595135 0.042841 0.060935 0.533759
