1 0.0766889 0.543945 0.153378 0.727783 0.903641
0 0.58893 0.609334 0.113844 0.313325 0.901814
0 0.730993 0.610435 0.159927 0.380287 0.88636
0 0.935665 0.621982 0.12614 0.299068 0.855839
0 0.412712 0.607054 0.0927452 0.361856 0.830245
4 0.339059 0.558313 0.137581 0.212443 0.793294
2 0.277155 0.618799 0.0869125 0.187445 0.792938
0 0.181033 0.618985 0.0896409 0.298787 0.674228
4 0.663247 0.562955 0.0815892 0.187197 0.667171
4 0.803213 0.552459 0.341443 0.236406 0.653908
0 0.164395 0.618698 0.0686406 0.293425 0.563469
