3 0.152559 0.570097 0.110147 0.178077 0.969921
1 0.0841328 0.615035 0.168266 0.120256 0.891931
1 0.82354 0.606673 0.189596 0.134033 0.8024
0 0.241601 0.618725 0.0608094 0.197906 0.794353
1 0.680697 0.608836 0.196023 0.106828 0.784422
1 0.311088 0.610536 0.0332184 0.0405782 0.765661
0 0.681099 0.608875 0.0616024 0.229264 0.748834
0 0.581427 0.618475 0.0560143 0.172222 0.737145
1 0.576114 0.606506 0.115261 0.0720284 0.703124
0 0.208781 0.6129 0.0300375 0.104639 0.662699
0 0.480009 0.614458 0.0273499 0.0955423 0.633367
0 0.42505 0.611756 0.020712 0.0657672 0.512542
