1 0.0776114 0.557567 0.155223 0.698355 0.912692
1 0.626684 0.614124 0.102598 0.103385 0.882932
1 0.685321 0.61251 0.0431849 0.0802702 0.836077
0 0.217467 0.632308 0.119646 0.415492 0.82012
1 0.825018 0.613745 0.0789759 0.0900356 0.808212
2 0.948678 0.62182 0.102644 0.23061 0.805148
1 0.891521 0.608985 0.13965 0.130537 0.793555
0 0.365209 0.621552 0.129105 0.46535 0.750637
2 0.743396 0.613612 0.0422988 0.085783 0.636701
0 0.506084 0.627393 0.0940054 0.315222 0.622298
2 0.814797 0.614034 0.062739 0.0899073 0.557115
1 0.736673 0.604649 0.0706407 0.0690501 0.54249
2 0.729993 0.612278 0.0291989 0.0820157 0.539409
