4 0.348374 0.558325 0.177698 0.216304 0.943975
1 0.0761579 0.560373 0.152316 0.700857 0.900705
2 0.594097 0.609276 0.0258899 0.0711027 0.814568
0 0.362128 0.612965 0.0487254 0.136924 0.797621
0 0.169921 0.608357 0.0989328 0.379567 0.7969
1 0.658134 0.607357 0.0631762 0.056179 0.772317
0 0.795146 0.616178 0.0957384 0.363648 0.744951
0 0.915349 0.610497 0.112514 0.348597 0.675593
0 0.977421 0.619881 0.0449394 0.313433 0.674465
1 0.786316 0.611988 0.143009 0.0995839 0.601151
1 0.738931 0.607877 0.0590368 0.0915899 0.576345
2 0.212819 0.623538 0.0308111 0.108136 0.557198
