4 0.163581 0.53718 0.185873 0.230279 0.915115
2 0.520851 0.609434 0.16471 0.319641 0.861643
0 0.675745 0.588416 0.0461138 0.12525 0.819657
0 0.907074 0.589301 0.0470424 0.127369 0.655725
1 0.656262 0.592332 0.106366 0.0909549 0.634161
0 0.707881 0.589574 0.0451202 0.127624 0.60746
0 0.82829 0.590334 0.0354889 0.117154 0.602151
0 0.934349 0.59144 0.0313488 0.122784 0.591788
0 0.95646 0.584829 0.0340662 0.123246 0.584196
0 0.835487 0.585231 0.0262239 0.104956 0.568092
1 0.368774 0.583634 0.0294011 0.0341627 0.517594
0 0.206982 0.596993 0.0729831 0.135887 0.513347
0 0.712215 0.58674 0.0338532 0.118075 0.505448
0 0.815143 0.59135 0.0322135 0.122115 0.500983
