1 0.746183 0.594799 0.0632424 0.0821644 0.945668
1 0.603528 0.583735 0.111481 0.133811 0.928711
1 0.47101 0.581477 0.194877 0.146757 0.910725
1 0.694192 0.593777 0.0925095 0.0970766 0.894603
5 0.874251 0.6026 0.0403811 0.0479341 0.888529
1 0.680698 0.608828 0.0546872 0.0780109 0.884407
1 0.837223 0.598626 0.030645 0.0562213 0.8725
1 0.806843 0.596987 0.0564828 0.061749 0.845431
1 0.931327 0.603436 0.0477716 0.051715 0.838917
1 0.77723 0.595635 0.031985 0.0665106 0.824872
1 0.958433 0.607832 0.0227436 0.0396565 0.81764
0 0.105308 0.565291 0.199491 0.869419 0.577189
