1 0.0697419 0.535878 0.138278 0.815871 0.927058
1 0.687314 0.599212 0.0915654 0.0786155 0.884103
0 0.390718 0.592662 0.126408 0.448753 0.864936
4 0.367547 0.547151 0.167526 0.217023 0.859551
2 0.476168 0.602316 0.0541673 0.120066 0.855196
1 0.800312 0.596414 0.0896137 0.0740502 0.851524
1 0.633272 0.592997 0.0571087 0.0658435 0.83831
2 0.205044 0.604423 0.0512905 0.0945218 0.770174
1 0.746319 0.594868 0.0389984 0.0541881 0.758758
4 0.456296 0.556705 0.0353003 0.138031 0.669344
0 0.910624 0.600954 0.022426 0.0846342 0.620322
2 0.142835 0.607607 0.0425444 0.10543 0.591249
0 0.885859 0.602623 0.0203385 0.0757051 0.585872
