1 0.114379 0.60111 0.219385 0.197695 0.853147
0 0.173781 0.627796 0.0731831 0.244613 0.840265
1 0.388272 0.603804 0.110221 0.0765269 0.831603
1 0.536387 0.601093 0.0476087 0.0490442 0.824257
1 0.890314 0.616069 0.17407 0.11588 0.785123
0 0.448415 0.604763 0.0249297 0.0886894 0.741325
0 0.0344461 0.611454 0.0688923 0.274213 0.710404
1 0.909124 0.629043 0.160042 0.141265 0.675267
0 0.470324 0.603564 0.0220071 0.079239 0.611403
1 0.868714 0.605338 0.19789 0.105014 0.598856
1 0.709152 0.607807 0.0202518 0.0569313 0.569086
1 0.837177 0.602536 0.133956 0.0952846 0.545883
