1 0.0762743 0.562787 0.15243 0.698569 0.90696
1 0.832719 0.616234 0.116242 0.100797 0.893482
1 0.706697 0.597661 0.158097 0.152032 0.873164
1 0.941492 0.617488 0.117015 0.118319 0.841025
0 0.142261 0.604635 0.0967912 0.389154 0.832455
0 0.454029 0.653641 0.109769 0.384651 0.784194
2 0.29393 0.608576 0.0221969 0.057579 0.759139
0 0.570591 0.639068 0.161612 0.458526 0.708588
2 0.187797 0.620242 0.0354679 0.0819574 0.69511
2 0.342317 0.607776 0.0227298 0.0523657 0.577093
0 0.52174 0.629358 0.0803852 0.432913 0.5155
