1 0.0765556 0.560584 0.153111 0.701972 0.921247
4 0.182277 0.565247 0.158943 0.215236 0.858386
4 0.393172 0.570948 0.113963 0.142224 0.850846
1 0.652743 0.605618 0.0470883 0.0409272 0.794624
1 0.382742 0.619397 0.0801967 0.0927212 0.772391
0 0.220405 0.617979 0.0662735 0.145978 0.772345
1 0.578379 0.604928 0.0382716 0.0362816 0.74543
0 0.797712 0.615013 0.0591769 0.134065 0.74263
2 0.861321 0.622753 0.0801018 0.145784 0.737174
0 0.282281 0.614221 0.072565 0.289055 0.734897
0 0.342523 0.617021 0.055814 0.146026 0.707762
0 0.351357 0.614325 0.045983 0.146354 0.523622
2 0.442455 0.614236 0.0392451 0.0927815 0.523181
