1 0.746821 0.595044 0.0642166 0.0826706 0.906729
1 0.603968 0.583478 0.110973 0.131963 0.88214
1 0.679866 0.60975 0.053416 0.0765508 0.85248
1 0.835828 0.59895 0.0286592 0.0561579 0.847371
0 0.471277 0.57347 0.0697733 0.231718 0.844733
2 0.909299 0.615067 0.0548809 0.15236 0.836717
1 0.807271 0.597008 0.0520334 0.0618263 0.834152
1 0.694683 0.595678 0.0899017 0.093583 0.812682
1 0.777767 0.596589 0.0321009 0.0633448 0.795919
1 0.472028 0.585537 0.19441 0.147423 0.794235
2 0.611405 0.59243 0.0604956 0.143214 0.761753
1 0.981825 0.607475 0.0362117 0.0521755 0.745632
2 0.626691 0.59291 0.0465295 0.147697 0.712906
1 0.938391 0.604177 0.0294153 0.046296 0.710406
