1 0.537641 0.642551 0.150468 0.0953296 0.921707
4 0.955764 0.575898 0.0884726 0.153096 0.875354
1 0.775788 0.632756 0.120895 0.119181 0.872029
1 0.919672 0.636365 0.109926 0.0873552 0.868108
2 0.194257 0.639947 0.0773888 0.121239 0.865946
1 0.641126 0.63953 0.0964246 0.0825578 0.840595
1 0.707475 0.628126 0.0649667 0.0811952 0.825107
4 0.863661 0.593956 0.105733 0.105446 0.774278
0 0.267344 0.628692 0.037294 0.108023 0.728568
1 0.838139 0.625831 0.0502212 0.0629754 0.70795
0 0.0787073 0.626923 0.0339576 0.11906 0.693227
0 0.0171647 0.629767 0.0343294 0.134711 0.606984
0 0.050378 0.625415 0.0273438 0.121003 0.578405
