1 0.0756578 0.558348 0.151164 0.702909 0.914931
0 0.54589 0.623691 0.1148 0.347996 0.897717
1 0.323946 0.614528 0.0918313 0.110592 0.872777
0 0.820772 0.611492 0.112163 0.332951 0.790984
2 0.773239 0.612899 0.19621 0.291584 0.759976
0 0.181565 0.616654 0.0624872 0.154026 0.755003
0 0.625737 0.611717 0.109987 0.338153 0.754603
0 0.943284 0.622445 0.0818935 0.295426 0.748598
0 0.386461 0.630716 0.0848809 0.31816 0.718869
0 0.443901 0.627789 0.0746183 0.290871 0.704357
1 0.689832 0.611001 0.0565615 0.0993682 0.66385
