1 0.120345 0.449662 0.240418 0.858029 0.949516
0 0.766384 0.586196 0.126404 0.394217 0.879784
2 0.586362 0.589058 0.101525 0.150733 0.837969
0 0.313698 0.586121 0.121158 0.347308 0.8117
1 0.39631 0.584691 0.0638727 0.101842 0.800185
2 0.244882 0.590429 0.0291662 0.0718862 0.753559
1 0.841294 0.590206 0.0397293 0.0724939 0.730406
0 0.349562 0.593248 0.133418 0.330099 0.706097
0 0.9578 0.574815 0.0221868 0.0905622 0.704266
1 0.628641 0.575069 0.0478415 0.0625895 0.662286
4 0.613564 0.550666 0.0792797 0.103435 0.567355
0 0.984542 0.578015 0.0286756 0.106115 0.548676
2 0.663516 0.585117 0.0252193 0.0679246 0.542219
