1 0.746831 0.594046 0.0635924 0.0815578 0.945172
1 0.603884 0.582975 0.111522 0.133729 0.944908
1 0.471047 0.579892 0.197606 0.147536 0.920627
1 0.693657 0.59328 0.0928743 0.096622 0.897319
1 0.680535 0.608233 0.0554593 0.077379 0.882281
1 0.836513 0.598068 0.0305683 0.0571627 0.86099
1 0.80596 0.596442 0.0536036 0.0608665 0.856503
1 0.778405 0.595126 0.0326145 0.0667524 0.824427
1 0.931051 0.60269 0.0467931 0.0517983 0.81834
1 0.958623 0.60796 0.0227348 0.0392422 0.792239
5 0.875524 0.603193 0.0377221 0.0475 0.726165
