1 0.47037 0.58256 0.198991 0.147087 0.957776
1 0.604074 0.584023 0.110782 0.134438 0.94985
1 0.74657 0.595555 0.064227 0.0832168 0.906274
1 0.680037 0.609748 0.0535021 0.0783357 0.895687
1 0.694476 0.59482 0.0915874 0.0932992 0.866826
1 0.93015 0.604507 0.0421267 0.0513008 0.813142
2 0.834782 0.621395 0.0799143 0.191454 0.799589
0 0.0850508 0.54268 0.131687 0.365202 0.77086
1 0.970625 0.61712 0.0542684 0.0716683 0.749242
1 0.775878 0.596311 0.0318727 0.0645132 0.657818
1 0.791458 0.596901 0.0291548 0.0621799 0.545411
