1 0.746761 0.594955 0.0651546 0.0830538 0.932451
1 0.603657 0.58299 0.109922 0.134346 0.930616
1 0.470083 0.582605 0.200541 0.147554 0.907063
1 0.694013 0.594308 0.0918876 0.0968337 0.898343
1 0.680252 0.608998 0.0550766 0.0782476 0.88653
1 0.836103 0.599448 0.0304713 0.0560959 0.884966
1 0.806207 0.597366 0.0538608 0.0613342 0.837062
1 0.777169 0.595483 0.0312049 0.0685493 0.822881
1 0.898148 0.605682 0.0648387 0.0570737 0.813313
0 0.146964 0.55075 0.130974 0.354472 0.794357
1 0.95684 0.608012 0.0296909 0.0407955 0.714352
0 0.935532 0.606612 0.0274782 0.0727875 0.628297
