1 0.469379 0.582204 0.193898 0.147656 0.926635
1 0.747188 0.595227 0.0650833 0.0819014 0.90324
1 0.606093 0.585073 0.116789 0.136696 0.885699
1 0.83681 0.598585 0.0293118 0.0556604 0.881476
1 0.682801 0.609573 0.050253 0.0749789 0.880919
1 0.695685 0.594748 0.0868828 0.0960246 0.870854
1 0.806917 0.59685 0.0541216 0.0608253 0.856085
5 0.871378 0.601221 0.0326304 0.050623 0.845654
1 0.93215 0.602755 0.0486053 0.0501673 0.825605
2 0.631694 0.603593 0.0764208 0.160793 0.803678
1 0.777561 0.595172 0.0314863 0.0674905 0.792843
1 0.958765 0.606442 0.0233327 0.0395379 0.671531
