2 0.521062 0.644502 0.304277 0.384463 0.948494
1 0.0750635 0.560629 0.150127 0.697778 0.916708
4 0.348411 0.562529 0.173782 0.201943 0.859856
2 0.190938 0.633143 0.125824 0.202747 0.769195
0 0.935898 0.612624 0.0547483 0.133984 0.75586
1 0.696758 0.606453 0.0549618 0.0491234 0.751275
1 0.971074 0.616305 0.0578518 0.104574 0.746718
1 0.760783 0.606037 0.0868679 0.0733388 0.724447
0 0.872579 0.610833 0.0541046 0.136851 0.715372
0 0.244349 0.616429 0.0446764 0.144628 0.635546
0 0.299084 0.619923 0.0483395 0.131219 0.628899
2 0.776233 0.616926 0.0493276 0.112439 0.558251
