1 0.0697228 0.53877 0.139446 0.812009 0.937224
1 0.208903 0.609493 0.132319 0.103365 0.899598
0 0.763289 0.596676 0.128533 0.475304 0.888984
1 0.638089 0.591872 0.0495978 0.0397203 0.83229
2 0.395942 0.594826 0.0257943 0.0660841 0.820678
1 0.461937 0.591107 0.0524806 0.0454609 0.791633
1 0.70269 0.597699 0.0507859 0.0625461 0.767379
2 0.369059 0.590849 0.0213905 0.0533929 0.754601
1 0.815554 0.596337 0.022473 0.0627322 0.749808
2 0.138329 0.602807 0.0343033 0.102887 0.593826
1 0.988347 0.599112 0.0233061 0.132282 0.567081
