3 0.153215 0.568106 0.111394 0.175435 0.94685
1 0.0837662 0.614379 0.167532 0.118836 0.890768
1 0.669987 0.61285 0.194626 0.106123 0.869306
1 0.825609 0.605499 0.191072 0.13542 0.855902
1 0.577754 0.605366 0.123497 0.0790403 0.800795
0 0.307754 0.614927 0.0251539 0.077836 0.789515
1 0.34959 0.608581 0.0267711 0.0339317 0.756778
1 0.602694 0.623576 0.0783663 0.0745307 0.622097
0 0.273621 0.614399 0.0280422 0.0906317 0.6214
0 0.247062 0.615696 0.0327234 0.0958535 0.611606
0 0.190617 0.617117 0.0297321 0.0909549 0.598742
