1 0.0787176 0.558998 0.157133 0.705156 0.900689
1 0.813593 0.610936 0.104944 0.0810625 0.862439
2 0.196714 0.618641 0.0465581 0.0989416 0.834686
0 0.650189 0.610181 0.0825362 0.289218 0.821438
2 0.230997 0.613325 0.0253962 0.0662048 0.789585
0 0.551568 0.612423 0.0895123 0.29073 0.784271
0 0.124287 0.592219 0.0805459 0.384004 0.755377
1 0.601442 0.60664 0.0332821 0.0520194 0.684247
1 0.738985 0.601891 0.0647602 0.0648654 0.680237
2 0.150397 0.624828 0.0331365 0.102668 0.6477
0 0.884302 0.593257 0.0280323 0.0903102 0.620039
1 0.758546 0.606792 0.0551155 0.0705321 0.597699
2 0.354628 0.602755 0.0192709 0.0456263 0.590836
