1 0.747801 0.595042 0.0671662 0.0824978 0.909169
1 0.697356 0.593539 0.0841775 0.0934654 0.905907
1 0.608696 0.585105 0.120837 0.137778 0.89093
5 0.872978 0.603658 0.0342172 0.0457984 0.886641
1 0.471556 0.580545 0.194433 0.147907 0.881759
1 0.836302 0.598351 0.0325052 0.0566851 0.844719
1 0.806193 0.595106 0.0579123 0.0621601 0.827999
2 0.637641 0.601855 0.0700016 0.159739 0.768873
1 0.925454 0.603038 0.0379166 0.0477656 0.725186
1 0.955018 0.607749 0.0297508 0.0406158 0.707405
1 0.688313 0.60745 0.0462936 0.0721104 0.673703
