1 0.0776829 0.552566 0.154545 0.717664 0.907268
1 0.396362 0.614143 0.102363 0.0869107 0.886248
2 0.724167 0.618873 0.215907 0.244437 0.869504
2 0.324628 0.62122 0.0824079 0.139079 0.852967
2 0.217089 0.620141 0.0449183 0.107154 0.812501
0 0.548273 0.607342 0.0594509 0.14645 0.642193
0 0.644256 0.619072 0.071794 0.224704 0.641243
2 0.918233 0.609162 0.055023 0.132786 0.636881
0 0.558648 0.609053 0.0333261 0.141233 0.606098
2 0.869868 0.611691 0.0802361 0.132946 0.554599
0 0.60606 0.618582 0.0308857 0.115307 0.528306
0 0.818778 0.607098 0.0435656 0.107411 0.524167
2 0.973558 0.631385 0.0528842 0.193854 0.517649
