1 0.604174 0.583645 0.108702 0.134166 0.933145
1 0.746455 0.594274 0.0646507 0.0826417 0.929139
1 0.469833 0.581004 0.198696 0.147534 0.916111
1 0.694214 0.593702 0.0925426 0.0954229 0.905552
1 0.679911 0.608309 0.0565429 0.0757627 0.897622
1 0.836824 0.598274 0.0315992 0.0571535 0.888138
0 0.978792 0.616984 0.0419608 0.146724 0.852389
1 0.778273 0.595066 0.0318143 0.0677867 0.849704
1 0.806199 0.596682 0.0555233 0.061102 0.823972
1 0.931357 0.602465 0.047019 0.0519007 0.823715
5 0.874749 0.603109 0.0337687 0.0472985 0.714757
