0 0.644302 0.615054 0.124547 0.293839 0.90181
1 0.0768643 0.556897 0.153716 0.70931 0.900905
0 0.307557 0.613777 0.138101 0.320137 0.867477
2 0.501036 0.620621 0.131976 0.178883 0.844078
1 0.794918 0.609155 0.0764357 0.0734791 0.836335
0 0.204996 0.62848 0.0802171 0.275877 0.804779
1 0.717085 0.609167 0.104233 0.076687 0.801063
2 0.397237 0.607755 0.0269487 0.0602818 0.778588
0 0.884402 0.608171 0.0297592 0.09442 0.755745
0 0.146205 0.628375 0.0662539 0.273392 0.714209
1 0.680369 0.604925 0.0433022 0.0723672 0.568494
