1 0.119882 0.447548 0.238164 0.851751 0.958101
0 0.720232 0.585091 0.111404 0.39447 0.890124
2 0.867211 0.585654 0.0506465 0.101547 0.804783
2 0.225522 0.589003 0.0307395 0.0824851 0.790507
1 0.788795 0.585268 0.0614773 0.066857 0.7872
2 0.328739 0.5836 0.0316787 0.0744762 0.745581
4 0.473767 0.563238 0.0380405 0.0404802 0.731097
0 0.960142 0.57366 0.0230836 0.0972252 0.607019
2 0.400522 0.577934 0.017439 0.0408956 0.593051
0 0.984295 0.572828 0.0299871 0.103685 0.582931
1 0.598836 0.579751 0.0361457 0.0375003 0.57848
