1 0.603723 0.583689 0.110552 0.13549 0.947928
1 0.469833 0.582119 0.198243 0.147159 0.94738
1 0.745253 0.595074 0.0641563 0.0821393 0.930705
1 0.837518 0.599348 0.0297918 0.056332 0.906148
1 0.680343 0.609118 0.0537254 0.0771017 0.892338
1 0.806428 0.597176 0.0538676 0.0615147 0.875224
1 0.692899 0.594251 0.0915341 0.0949249 0.866552
1 0.777268 0.596151 0.0330756 0.0646477 0.818931
1 0.956432 0.608832 0.022723 0.0413817 0.816567
1 0.931053 0.604181 0.0467755 0.0515285 0.804858
2 0.975504 0.61191 0.0196624 0.0468504 0.522079
