1 0.0707557 0.536182 0.140778 0.80934 0.925992
0 0.823327 0.602871 0.135044 0.463862 0.887681
5 0.376069 0.597427 0.0634742 0.124952 0.852165
1 0.621239 0.59421 0.0526577 0.051932 0.835409
0 0.254228 0.614368 0.115854 0.286556 0.807945
4 0.489112 0.573342 0.0327664 0.0491381 0.78107
0 0.319085 0.605185 0.0869591 0.297711 0.765153
2 0.442462 0.600475 0.0503912 0.108087 0.760154
2 0.153765 0.607363 0.0530395 0.11983 0.754512
1 0.672487 0.593677 0.0440763 0.0480856 0.729839
2 0.699335 0.594492 0.0293891 0.0658064 0.654373
1 0.766636 0.598125 0.0300476 0.0569328 0.613815
2 0.209251 0.61209 0.0342577 0.108373 0.598977
