1 0.0766337 0.542785 0.152971 0.71764 0.900404
0 0.814524 0.626843 0.0930989 0.308408 0.898709
1 0.916753 0.612686 0.166495 0.106915 0.863785
2 0.246077 0.621957 0.109634 0.215861 0.812675
4 0.363279 0.549753 0.159785 0.193742 0.812018
0 0.67463 0.608424 0.106948 0.327554 0.803165
0 0.177007 0.602661 0.108809 0.340032 0.796244
0 0.397378 0.61748 0.111762 0.289152 0.790873
0 0.612091 0.616777 0.101165 0.315013 0.787237
1 0.769715 0.60323 0.0371774 0.0700237 0.561151
4 0.671959 0.563667 0.176465 0.163376 0.510155
