1 0.603749 0.583308 0.111573 0.135755 0.946485
1 0.74698 0.59503 0.0655901 0.0821668 0.924351
5 0.875725 0.603431 0.0406985 0.0481228 0.919328
1 0.470038 0.581517 0.200112 0.148145 0.912715
1 0.680534 0.608984 0.0550647 0.0789596 0.908019
1 0.694214 0.5945 0.0924366 0.0964719 0.898218
1 0.836454 0.599071 0.0297591 0.056568 0.876938
1 0.932384 0.603924 0.050256 0.0530204 0.856431
1 0.777756 0.595518 0.0314436 0.0670765 0.836295
1 0.806141 0.597546 0.0520618 0.0605718 0.819135
1 0.95975 0.608588 0.0243938 0.0404687 0.799936
