4 0.872894 0.527283 0.254211 0.30884 0.93567
1 0.0699559 0.534055 0.138665 0.810081 0.925315
2 0.432697 0.603772 0.0716743 0.151672 0.863149
2 0.351767 0.593463 0.0282686 0.0682588 0.860321
1 0.645627 0.596555 0.0682516 0.0692935 0.837603
1 0.71739 0.599047 0.044345 0.0749457 0.81045
2 0.301376 0.592027 0.0255758 0.0649052 0.764029
2 0.25039 0.593246 0.0290041 0.0773664 0.746246
2 0.204424 0.6075 0.0731739 0.156822 0.712586
2 0.327071 0.589914 0.0216617 0.0620091 0.594668
1 0.606567 0.584437 0.0334385 0.0397276 0.562703
4 0.758273 0.553837 0.0550784 0.190263 0.534393
