1 0.0782059 0.544856 0.155682 0.734747 0.910083
2 0.248996 0.639645 0.251986 0.414193 0.861687
0 0.885285 0.607038 0.113307 0.345638 0.856115
1 0.701797 0.604929 0.0473876 0.0504128 0.782608
0 0.369296 0.607133 0.113977 0.402583 0.749443
0 0.448313 0.627226 0.102357 0.353497 0.74509
2 0.974138 0.62707 0.0507579 0.21004 0.736203
2 0.75003 0.612388 0.0432088 0.0880811 0.708259
0 0.547746 0.603931 0.0790504 0.301853 0.601397
1 0.755863 0.600676 0.061813 0.062589 0.570937
0 0.527518 0.610345 0.0881653 0.305362 0.555964
