1 0.0769703 0.551755 0.151797 0.723348 0.899319
1 0.813982 0.610672 0.105451 0.0816014 0.87474
0 0.644001 0.611466 0.0955477 0.288808 0.856764
2 0.285414 0.614875 0.0662747 0.135993 0.831786
0 0.571291 0.611945 0.0790172 0.281982 0.79945
2 0.194251 0.615662 0.0303749 0.0846279 0.798767
2 0.222632 0.61302 0.0291795 0.0793998 0.797191
1 0.744145 0.602579 0.0603487 0.0667728 0.721944
2 0.699186 0.627725 0.0449083 0.103286 0.708469
1 0.757497 0.606826 0.0550328 0.0705854 0.638135
0 0.129465 0.617359 0.0643154 0.33971 0.611304
