1 0.0699391 0.535979 0.139013 0.813347 0.92228
1 0.855851 0.596062 0.088642 0.0913428 0.859771
1 0.631116 0.590117 0.0520822 0.0688361 0.817525
0 0.950093 0.59962 0.0998139 0.459329 0.816024
2 0.36682 0.601059 0.0524636 0.112157 0.806307
4 0.486282 0.569242 0.0416109 0.0663633 0.751775
2 0.781352 0.599944 0.0658067 0.096702 0.744943
1 0.403901 0.589991 0.0419234 0.0444817 0.741367
1 0.463929 0.591213 0.0396884 0.0324993 0.716652
1 0.665045 0.591079 0.0338049 0.0424455 0.71318
0 0.609036 0.596342 0.0298448 0.0957105 0.679372
1 0.933208 0.614356 0.131818 0.114833 0.516765
