1 0.603944 0.582825 0.11061 0.135207 0.955662
1 0.470831 0.581435 0.19882 0.146492 0.952542
1 0.746935 0.594159 0.0627672 0.0819994 0.919176
1 0.680903 0.60868 0.0546174 0.0774534 0.898671
1 0.693694 0.593365 0.0934625 0.0964693 0.897151
1 0.836612 0.598462 0.0289191 0.05696 0.874349
0 0.978979 0.613539 0.0396011 0.132522 0.858223
1 0.807331 0.596619 0.0524624 0.0616651 0.845094
1 0.778345 0.595348 0.0333009 0.0657563 0.802382
1 0.930153 0.602674 0.0456605 0.0509238 0.786183
5 0.87391 0.602333 0.0399 0.0494102 0.560881
