1 0.0713943 0.530701 0.142789 0.825181 0.93447
0 0.830647 0.597179 0.125494 0.473511 0.881454
5 0.471951 0.594943 0.109291 0.142574 0.838771
1 0.26449 0.60429 0.0740039 0.114711 0.832946
4 0.428528 0.523665 0.0839808 0.155155 0.713445
0 0.623561 0.623163 0.141094 0.49234 0.709251
0 0.354729 0.601442 0.13425 0.525349 0.680213
0 0.184682 0.612123 0.101406 0.364021 0.679725
2 0.559273 0.606588 0.0656085 0.19314 0.545563
2 0.432166 0.625754 0.12417 0.19863 0.540682
0 0.652036 0.621912 0.143673 0.46824 0.52903
0 0.966634 0.600491 0.043556 0.133918 0.520115
2 0.892975 0.61496 0.0468403 0.13344 0.51485
