1 0.604242 0.582791 0.110801 0.134998 0.95405
1 0.746515 0.594444 0.0611946 0.082366 0.940546
1 0.470244 0.580009 0.196689 0.147091 0.919198
1 0.693929 0.593711 0.0924921 0.0960622 0.890336
1 0.681059 0.608639 0.0546405 0.077665 0.884828
1 0.837347 0.598593 0.0306669 0.0566797 0.87307
1 0.806784 0.596546 0.0538288 0.061567 0.845829
1 0.778219 0.594872 0.0336962 0.0671223 0.828172
5 0.875232 0.602354 0.0385989 0.0487783 0.772573
1 0.923021 0.602149 0.0311482 0.0494085 0.757326
1 0.955475 0.605732 0.0518521 0.0620619 0.588993
