1 0.560148 0.630589 0.147759 0.108919 0.901791
1 0.782017 0.632968 0.0624855 0.065212 0.878509
2 0.438181 0.639663 0.053589 0.098739 0.863954
1 0.711901 0.635617 0.102472 0.0741266 0.862267
1 0.859837 0.633699 0.0980558 0.09922 0.858776
2 0.0439142 0.645542 0.0878284 0.115257 0.82984
4 0.962877 0.598232 0.0732659 0.102044 0.78639
0 0.241908 0.630471 0.0302609 0.0911404 0.758524
0 0.112684 0.623326 0.0351728 0.10955 0.726012
2 0.921507 0.637988 0.042647 0.135364 0.713696
0 0.920611 0.637853 0.0420108 0.135287 0.573229
