1 0.0769451 0.557523 0.15389 0.709867 0.919246
1 0.871677 0.613606 0.0980351 0.0965902 0.883945
1 0.746329 0.603892 0.0748582 0.0687653 0.859571
2 0.602869 0.609225 0.0333397 0.0728259 0.819292
2 0.354482 0.607737 0.0205744 0.0542064 0.799637
2 0.672063 0.609508 0.0326397 0.0621858 0.795586
2 0.269923 0.610397 0.0244485 0.0638167 0.725635
1 0.66198 0.606344 0.0456446 0.0547518 0.666217
2 0.330428 0.610686 0.0233179 0.0536354 0.621287
2 0.147757 0.630044 0.0412303 0.153483 0.606348
1 0.577733 0.604642 0.0383701 0.0491804 0.583028
0 0.79439 0.60165 0.0230658 0.0707299 0.571217
