1 0.0772521 0.5414 0.153721 0.737417 0.908784
1 0.650777 0.607596 0.100247 0.0956621 0.899647
0 0.371648 0.618856 0.122266 0.315485 0.872222
0 0.864871 0.627912 0.149705 0.352656 0.860383
1 0.711738 0.599136 0.0651507 0.0882953 0.859382
4 0.366879 0.55793 0.153199 0.19178 0.802077
1 0.775762 0.603192 0.0783817 0.0728068 0.775159
0 0.169289 0.629002 0.08865 0.263058 0.770976
2 0.256576 0.608898 0.0306517 0.0682102 0.711734
1 0.593493 0.602054 0.0430212 0.0564632 0.702512
0 0.194667 0.634135 0.0489746 0.222609 0.661626
0 0.939012 0.63113 0.115906 0.295772 0.516188
