2 0.924469 0.654255 0.151061 0.411238 0.915961
1 0.0775272 0.55529 0.155054 0.704716 0.911782
1 0.190123 0.608046 0.139026 0.306083 0.850251
0 0.465714 0.609662 0.0875071 0.268398 0.825324
4 0.62909 0.569838 0.129436 0.150577 0.821463
0 0.764173 0.623763 0.0903358 0.297136 0.790096
1 0.885143 0.605733 0.148412 0.155303 0.761525
0 0.818969 0.657036 0.0641389 0.211022 0.724276
1 0.252345 0.60464 0.271124 0.308513 0.713794
0 0.337299 0.620304 0.12412 0.399936 0.616399
0 0.368834 0.620813 0.0913247 0.373545 0.517898
