1 0.603236 0.579269 0.111486 0.133564 0.921797
1 0.746434 0.591293 0.0623262 0.0844992 0.919265
1 0.681111 0.605969 0.0571176 0.0758728 0.902974
1 0.695016 0.588925 0.0930452 0.0925582 0.884703
1 0.471297 0.57998 0.196051 0.147766 0.87793
1 0.92977 0.600405 0.046314 0.0514013 0.838143
1 0.974616 0.60724 0.049864 0.0584108 0.817285
1 0.835284 0.594955 0.0329645 0.057564 0.805337
1 0.776925 0.591509 0.0333418 0.0680255 0.639646
1 0.791025 0.593736 0.0280965 0.06444 0.538563
5 0.875633 0.601143 0.0385872 0.0464646 0.536759
