4 0.382756 0.548849 0.16327 0.211492 0.956151
1 0.0704352 0.538472 0.139914 0.806881 0.926412
0 0.685412 0.59942 0.127513 0.453063 0.901453
1 0.789258 0.592749 0.0746748 0.0708587 0.85723
1 0.237661 0.609487 0.074648 0.10664 0.83275
1 0.938845 0.606609 0.122311 0.124101 0.828833
1 0.285003 0.599428 0.0633367 0.0828113 0.821181
0 0.168176 0.591123 0.109134 0.362412 0.757849
1 0.747948 0.594211 0.0359905 0.0559499 0.605594
0 0.836326 0.591296 0.0203733 0.0733196 0.517519
0 0.876261 0.597904 0.0271852 0.0770124 0.50213
