1 0.0752415 0.560422 0.150041 0.70621 0.902444
1 0.67871 0.615323 0.144598 0.10403 0.891472
1 0.801673 0.611528 0.100775 0.100393 0.874516
0 0.525093 0.621717 0.135454 0.541576 0.8742
0 0.386326 0.620527 0.163269 0.56267 0.836519
1 0.966398 0.618877 0.0670223 0.130624 0.814202
0 0.300073 0.607818 0.0930764 0.364782 0.774216
0 0.444114 0.617704 0.0812205 0.327352 0.719613
0 0.20603 0.623578 0.0778339 0.269904 0.674841
0 0.134223 0.603928 0.101513 0.383867 0.657541
1 0.597228 0.607167 0.040695 0.0523961 0.631299
1 0.749139 0.606434 0.0310268 0.0623226 0.556869
