1 0.603471 0.583823 0.111573 0.134797 0.932941
1 0.471656 0.582432 0.195864 0.14749 0.926056
1 0.679787 0.608944 0.0572991 0.0784192 0.897989
1 0.746682 0.595095 0.0648594 0.0830515 0.897391
1 0.694382 0.594535 0.0926235 0.095734 0.894047
1 0.836285 0.599177 0.0289691 0.0566759 0.872449
5 0.876158 0.603795 0.0425554 0.0478663 0.851429
1 0.805913 0.597167 0.0509698 0.0608928 0.810661
1 0.777898 0.594829 0.0320575 0.067364 0.80932
1 0.959178 0.609163 0.0249021 0.0410647 0.674878
1 0.929741 0.60394 0.0443258 0.0526303 0.657043
