2 0.725831 0.619459 0.186657 0.434505 0.948739
1 0.0700449 0.53789 0.139204 0.816653 0.922753
1 0.419381 0.601663 0.118456 0.108104 0.905196
0 0.576431 0.596691 0.164945 0.469961 0.859308
1 0.357156 0.599695 0.0455419 0.0870016 0.809232
0 0.218236 0.594782 0.082579 0.295779 0.75771
1 0.811359 0.599018 0.0530681 0.0680819 0.715914
0 0.134118 0.590019 0.0817814 0.301966 0.691324
2 0.284916 0.59224 0.0275573 0.0657072 0.688502
0 0.96467 0.609885 0.07066 0.318533 0.580144
0 0.26414 0.610989 0.0583498 0.139074 0.579122
