1 0.0700782 0.537146 0.13874 0.812362 0.915876
1 0.752454 0.600718 0.166467 0.141411 0.913799
0 0.585989 0.592561 0.0973496 0.361823 0.888838
0 0.43924 0.619506 0.129278 0.45545 0.867835
4 0.362742 0.547861 0.0749755 0.173731 0.787741
2 0.247165 0.60565 0.0672761 0.141946 0.780573
2 0.167261 0.613517 0.070077 0.153371 0.772074
1 0.365025 0.595979 0.0533155 0.111433 0.699009
4 0.639336 0.562993 0.0629568 0.106042 0.688496
0 0.929868 0.623883 0.140265 0.729111 0.68389
1 0.857443 0.603694 0.0654089 0.102303 0.682861
1 0.63988 0.588523 0.0593877 0.0616885 0.659478
1 0.212904 0.60375 0.0650372 0.0981305 0.651129
2 0.315981 0.596124 0.0237955 0.0515771 0.61917
1 0.281816 0.599303 0.0388583 0.0970451 0.570215
