1 0.071481 0.64006 0.142962 0.17067 0.899949
1 0.565558 0.6433 0.102836 0.10675 0.892249
1 0.189798 0.652019 0.111357 0.112497 0.86696
1 0.286979 0.641019 0.0721562 0.0799845 0.764871
0 0.314864 0.647453 0.0304381 0.0983874 0.730878
0 0.358713 0.644378 0.0290331 0.0972981 0.723195
1 0.931396 0.66027 0.137209 0.198253 0.697421
0 0.773253 0.682939 0.196904 0.532853 0.675467
1 0.410321 0.642985 0.033528 0.0452921 0.619322
1 0.240897 0.642675 0.0339796 0.0853394 0.542444
1 0.980011 0.697255 0.039761 0.29049 0.514311
1 0.50232 0.653352 0.0285154 0.0742545 0.507977
