1 0.0772495 0.55832 0.154177 0.702909 0.904732
2 0.741574 0.621523 0.164257 0.206668 0.861795
2 0.327876 0.618574 0.110818 0.162685 0.852513
0 0.872199 0.615323 0.133029 0.300726 0.796148
0 0.165001 0.621595 0.0717487 0.303283 0.75972
1 0.973952 0.620432 0.0520968 0.0923792 0.745475
0 0.22542 0.629301 0.0899993 0.284915 0.733526
2 0.811383 0.607805 0.0400281 0.108036 0.711871
2 0.43727 0.61679 0.0591805 0.114992 0.703529
2 0.567244 0.61742 0.099256 0.128787 0.701896
1 0.682943 0.605989 0.0308263 0.0482171 0.680666
1 0.620762 0.605659 0.0328921 0.0570716 0.632478
1 0.819449 0.607041 0.0745031 0.0745988 0.541218
