4 0.166379 0.538726 0.178803 0.216148 0.915412
1 0.469413 0.591132 0.107667 0.0850751 0.902895
2 0.648669 0.587655 0.0680498 0.131691 0.846954
2 0.0693282 0.601835 0.094449 0.19127 0.808552
1 0.583797 0.5916 0.0775591 0.0706347 0.803052
0 0.849892 0.590611 0.0431853 0.121508 0.772079
2 0.40402 0.586494 0.0302216 0.0687182 0.729078
4 0.367254 0.562062 0.0509328 0.0703046 0.707793
1 0.695168 0.593863 0.0715081 0.0924657 0.687859
0 0.745828 0.59175 0.0533082 0.120873 0.649755
0 0.877373 0.590564 0.0329618 0.118827 0.601835
0 0.981431 0.592207 0.0344062 0.119728 0.587965
1 0.678029 0.595017 0.107742 0.0935559 0.581218
0 0.770348 0.589974 0.0326631 0.121448 0.535342
