4 0.35901 0.547072 0.173877 0.204253 0.937168
1 0.070052 0.536659 0.138798 0.81147 0.920334
1 0.889157 0.599747 0.221686 0.138211 0.890697
0 0.176351 0.630699 0.0968242 0.271948 0.856875
2 0.47059 0.60052 0.0522933 0.121541 0.827404
0 0.61435 0.600006 0.10968 0.437982 0.818659
2 0.297397 0.602415 0.0664852 0.163351 0.805756
1 0.678072 0.598131 0.0429392 0.0617808 0.762247
1 0.740708 0.596366 0.0487227 0.0579132 0.75089
1 0.784087 0.593308 0.0642219 0.0674278 0.713437
4 0.461623 0.562322 0.049812 0.115461 0.691476
