2 0.761626 0.627748 0.190084 0.447861 0.950216
1 0.0701457 0.537152 0.139124 0.813827 0.92899
2 0.153737 0.607003 0.0522724 0.114463 0.840108
0 0.62204 0.595381 0.147062 0.497521 0.838055
1 0.911805 0.5966 0.103506 0.116 0.83784
2 0.247143 0.598072 0.0343525 0.0801519 0.832555
1 0.960946 0.618397 0.0781077 0.129095 0.81739
1 0.35805 0.600285 0.0482973 0.0878857 0.774137
1 0.42029 0.600768 0.120041 0.107142 0.759742
2 0.283117 0.593256 0.0293545 0.0681837 0.727307
1 0.758559 0.60582 0.194353 0.124194 0.580947
0 0.418256 0.597953 0.0381201 0.132578 0.577555
0 0.444997 0.602171 0.0327856 0.12935 0.545942
