1 0.604282 0.58325 0.111128 0.134965 0.942606
1 0.681884 0.608859 0.0563424 0.0785248 0.933613
1 0.470575 0.581066 0.195215 0.145874 0.918976
1 0.69236 0.594586 0.086929 0.0965005 0.880059
1 0.836455 0.598694 0.0294921 0.0557044 0.88
1 0.805758 0.597174 0.0545988 0.0602546 0.855815
1 0.931491 0.603084 0.0476694 0.0492477 0.816274
1 0.746812 0.597136 0.0610153 0.0932712 0.794785
2 0.742748 0.60476 0.0508997 0.108401 0.765389
1 0.775289 0.595761 0.0295646 0.0707807 0.761799
1 0.957878 0.608763 0.0220617 0.0405286 0.752235
5 0.873053 0.6043 0.0334743 0.045755 0.716417
1 0.769956 0.59454 0.0323129 0.0731856 0.520397
