1 0.0773571 0.549242 0.153666 0.724797 0.898917
1 0.721271 0.614416 0.171464 0.117818 0.885847
2 0.348968 0.618386 0.0539426 0.102009 0.843004
1 0.887487 0.608005 0.188046 0.120539 0.834095
0 0.165263 0.629765 0.0800475 0.297468 0.765014
0 0.537832 0.62173 0.110598 0.337367 0.763221
2 0.845153 0.611308 0.0671465 0.132427 0.750524
2 0.407491 0.614794 0.0350132 0.102187 0.679051
0 0.600756 0.618727 0.0871014 0.314582 0.673444
0 0.250662 0.663559 0.0768986 0.21502 0.638631
0 0.219852 0.617808 0.0724671 0.320771 0.576526
4 0.431417 0.581372 0.0731041 0.0887084 0.563147
0 0.21475 0.655205 0.0695167 0.247871 0.553801
