4 0.80543 0.53055 0.38914 0.331864 0.95465
1 0.0756267 0.560127 0.150305 0.706346 0.894938
0 0.652003 0.612974 0.109018 0.334712 0.829592
0 0.152841 0.614526 0.133268 0.399936 0.784292
0 0.422651 0.610977 0.090971 0.331688 0.78384
2 0.335476 0.608001 0.021174 0.0481892 0.766647
2 0.253008 0.617042 0.0323482 0.0735058 0.759382
0 0.760598 0.628965 0.128062 0.331628 0.757174
0 0.963029 0.627329 0.0733475 0.332274 0.748185
2 0.196252 0.616151 0.0409427 0.120597 0.74247
1 0.604371 0.613449 0.0472486 0.0910638 0.739155
2 0.381465 0.618183 0.0418008 0.12216 0.696831
2 0.228018 0.616855 0.023632 0.0671953 0.52233
