1 0.746931 0.594121 0.0643643 0.0831794 0.929377
1 0.603648 0.582699 0.109746 0.133647 0.921311
1 0.470709 0.580882 0.199557 0.148738 0.895768
1 0.69407 0.593337 0.0936195 0.0956261 0.886613
1 0.837535 0.598549 0.0318258 0.056933 0.871053
1 0.680457 0.608055 0.0566858 0.0767693 0.869148
1 0.805966 0.596513 0.0533247 0.0612693 0.84454
1 0.778734 0.595037 0.0329713 0.0672213 0.827745
2 0.941304 0.622358 0.068311 0.143473 0.792832
0 0.427032 0.58026 0.0600446 0.186956 0.726943
5 0.874728 0.602357 0.0368264 0.0479129 0.576718
