1 0.747282 0.593393 0.0623469 0.0809296 0.907033
1 0.604713 0.583809 0.113147 0.133463 0.897069
1 0.470893 0.581014 0.192396 0.146508 0.887582
1 0.836582 0.597762 0.0296666 0.0581087 0.853103
1 0.77841 0.594287 0.0295339 0.0666537 0.844909
1 0.804592 0.596334 0.0532835 0.0617442 0.823144
1 0.929971 0.602622 0.04568 0.0508744 0.803938
1 0.957613 0.60705 0.0219143 0.0423844 0.774852
0 0.686361 0.599876 0.0560164 0.171232 0.757542
1 0.69702 0.594073 0.0802691 0.0941333 0.628879
2 0.987775 0.608942 0.0244509 0.0534911 0.565066
