1 0.603687 0.582943 0.110141 0.135808 0.952483
1 0.470627 0.581608 0.197506 0.147929 0.949832
1 0.746491 0.594538 0.0638778 0.0817654 0.913223
1 0.680585 0.609029 0.0546875 0.0773926 0.896321
1 0.693885 0.594061 0.0923762 0.0959164 0.894892
1 0.855042 0.601361 0.113196 0.125056 0.872805
1 0.932678 0.604342 0.0460567 0.052271 0.832155
0 0.144836 0.552696 0.121836 0.354904 0.800242
1 0.95738 0.608011 0.0225759 0.0406644 0.759095
1 0.795509 0.596551 0.0342943 0.0604259 0.669845
1 0.775676 0.594709 0.0327758 0.0657907 0.614581
