4 0.563648 0.588606 0.289152 0.192147 0.917424
1 0.835664 0.639651 0.114711 0.0998244 0.863422
1 0.744447 0.630365 0.0750895 0.0802138 0.853176
2 0.172393 0.639607 0.0652364 0.137396 0.785605
1 0.892393 0.627428 0.0389048 0.053435 0.730307
0 0.254626 0.62676 0.0295662 0.0967261 0.672753
2 0.960949 0.633697 0.0359669 0.0811404 0.640036
1 0.956125 0.627553 0.0661656 0.0644665 0.591709
0 0.0159641 0.638511 0.0319281 0.127197 0.581326
0 0.00997597 0.633386 0.0192557 0.129163 0.505443
1 0.946969 0.627346 0.0494273 0.0550444 0.504272
