5 0.356268 0.597211 0.101501 0.127281 0.928914
1 0.0703864 0.535027 0.140101 0.814755 0.924587
0 0.824695 0.605071 0.136654 0.459163 0.893673
1 0.613856 0.592481 0.0453308 0.0491772 0.827401
0 0.188256 0.605197 0.0756164 0.286673 0.799873
2 0.441935 0.598225 0.0506721 0.111688 0.79441
1 0.666316 0.591863 0.0386096 0.0460446 0.767946
4 0.488071 0.573362 0.034015 0.0545091 0.729681
2 0.227783 0.609834 0.0456792 0.116974 0.724579
1 0.768274 0.598094 0.0316318 0.057107 0.687696
2 0.688793 0.593115 0.0246768 0.0558266 0.653459
0 0.139347 0.620252 0.0722769 0.265372 0.583705
