1 0.470761 0.581562 0.197895 0.146753 0.955865
1 0.604097 0.583018 0.110034 0.135499 0.955621
1 0.747176 0.59428 0.063014 0.0821666 0.923762
1 0.680981 0.60896 0.0541952 0.0774207 0.898961
1 0.694045 0.593782 0.0931344 0.0962762 0.895429
1 0.837071 0.598605 0.0306321 0.0576935 0.884317
1 0.806848 0.596804 0.0518425 0.061657 0.847802
1 0.778288 0.594909 0.0328325 0.0665515 0.797247
2 0.936365 0.611538 0.0425126 0.124532 0.746092
2 0.875039 0.602806 0.0294003 0.052661 0.737058
1 0.913582 0.605716 0.0198997 0.0432128 0.556332
0 0.936201 0.613051 0.0425634 0.125383 0.543593
