1 0.0770122 0.556735 0.154024 0.701741 0.912612
1 0.812298 0.609812 0.0940197 0.0790423 0.882035
1 0.692983 0.606138 0.0531492 0.0490698 0.796982
2 0.315375 0.611226 0.0279152 0.0704416 0.777669
2 0.650735 0.609874 0.0320327 0.0731413 0.772483
0 0.906339 0.613988 0.0357978 0.101503 0.739388
0 0.197961 0.613454 0.0256477 0.0809684 0.732243
2 0.751977 0.606304 0.0265788 0.0586317 0.704556
0 0.221717 0.614524 0.0239076 0.0766948 0.696741
2 0.606836 0.609364 0.0430219 0.0716844 0.673531
0 0.267901 0.610726 0.0226737 0.0644451 0.569237
