1 0.604356 0.584738 0.110528 0.133743 0.919805
1 0.747357 0.594685 0.0645974 0.0834097 0.906026
1 0.694199 0.594246 0.0908958 0.0937829 0.89068
1 0.68034 0.608647 0.055381 0.0769678 0.882515
1 0.838483 0.598179 0.0318442 0.056822 0.854037
2 0.434229 0.595665 0.154772 0.222817 0.812855
1 0.806159 0.597105 0.0520697 0.0616653 0.801196
1 0.778694 0.594592 0.0309129 0.0676032 0.795744
1 0.477481 0.586143 0.185652 0.154539 0.769669
1 0.932844 0.604544 0.0438803 0.0493221 0.744226
0 0.350957 0.574909 0.0440979 0.147324 0.663804
1 0.51586 0.583538 0.109012 0.147608 0.531316
