1 0.718987 0.614412 0.189472 0.117587 0.911057
1 0.0780377 0.550149 0.155208 0.717757 0.91037
1 0.62805 0.602929 0.0860596 0.105183 0.876812
2 0.186867 0.621457 0.0679386 0.122761 0.855487
2 0.350248 0.618367 0.0531722 0.10059 0.842125
0 0.450509 0.60714 0.122989 0.325351 0.825863
2 0.247506 0.618699 0.0461982 0.102558 0.822805
1 0.843757 0.6065 0.0971388 0.115867 0.80304
0 0.914242 0.621581 0.0845737 0.349062 0.767931
0 0.972881 0.625193 0.0520045 0.325301 0.672086
0 0.570667 0.609074 0.0848789 0.361479 0.574332
2 0.407254 0.611436 0.0398616 0.11394 0.572985
1 0.798641 0.594732 0.0584403 0.0663608 0.516489
0 0.520841 0.617116 0.120304 0.365139 0.506764
