1 0.0774669 0.549673 0.154285 0.722585 0.903396
2 0.33478 0.619041 0.0855405 0.184262 0.889259
2 0.542681 0.618478 0.11154 0.199201 0.87516
1 0.930021 0.613384 0.136986 0.118207 0.855595
2 0.154222 0.623465 0.0464892 0.140153 0.82292
1 0.603341 0.603299 0.0424075 0.0446323 0.806759
1 0.738311 0.601659 0.0563638 0.0657602 0.794568
1 0.689272 0.605847 0.0539522 0.0478857 0.789227
2 0.414446 0.609637 0.0266407 0.0658961 0.770469
2 0.2427 0.610061 0.0303789 0.0713636 0.759096
1 0.764162 0.604783 0.0604165 0.0680801 0.720405
0 0.802607 0.603764 0.0247328 0.077456 0.645718
