1 0.785953 0.636179 0.101467 0.0871345 0.904113
1 0.573766 0.634778 0.134062 0.109161 0.902741
2 0.0628033 0.643913 0.0870094 0.123471 0.854566
1 0.939347 0.626457 0.108916 0.105121 0.849466
2 0.161293 0.63105 0.0882811 0.112994 0.805952
2 0.287658 0.644172 0.0589052 0.109507 0.798131
0 0.441428 0.628899 0.0226996 0.0714614 0.732541
0 0.249783 0.629208 0.0419263 0.128841 0.671671
2 0.492285 0.641402 0.0529955 0.12678 0.638753
0 0.463648 0.626749 0.0233974 0.0768484 0.63838
0 0.70686 0.617614 0.0204708 0.0581518 0.591821
