1 0.671907 0.592972 0.12001 0.0939345 0.901655
4 0.163658 0.536859 0.184211 0.230469 0.891221
2 0.318793 0.600001 0.14681 0.260525 0.885395
1 0.543125 0.588096 0.0655007 0.0634674 0.838001
2 0.49816 0.590598 0.0370104 0.0772612 0.8183
2 0.922359 0.586917 0.0926789 0.136069 0.773336
0 0.749986 0.584123 0.0414819 0.126288 0.706793
0 0.791475 0.590523 0.0381582 0.117858 0.646261
0 0.101939 0.599447 0.0678136 0.134522 0.633328
0 0.862289 0.593135 0.0466671 0.11305 0.625312
0 0.821751 0.574302 0.0262205 0.0866598 0.516103
