1 0.603834 0.581292 0.111769 0.135345 0.950937
1 0.746734 0.592955 0.0652452 0.0823161 0.934532
1 0.680618 0.607248 0.0545562 0.0779561 0.887137
1 0.865534 0.601929 0.0878655 0.085103 0.886147
1 0.69484 0.591994 0.0907672 0.0970554 0.875208
1 0.958531 0.607235 0.0235642 0.0389701 0.851695
1 0.477466 0.580638 0.18572 0.147415 0.840341
1 0.931319 0.602593 0.0416894 0.0503206 0.797078
0 0.413282 0.571029 0.0869751 0.25639 0.797062
1 0.803127 0.594618 0.0479 0.0624186 0.79706
1 0.77601 0.592778 0.0327108 0.0706184 0.78818
1 0.987105 0.607122 0.0257902 0.0516942 0.598185
