1 0.536602 0.642579 0.148092 0.093936 0.914479
1 0.805923 0.634717 0.160548 0.129435 0.874172
4 0.953581 0.57506 0.0928387 0.152343 0.86216
2 0.361647 0.640346 0.0551688 0.107602 0.839059
1 0.923289 0.635943 0.101448 0.0866948 0.838803
1 0.640637 0.639472 0.096803 0.0833964 0.829649
1 0.71508 0.628631 0.073689 0.0826542 0.827805
2 0.201679 0.635377 0.06532 0.0973137 0.824927
4 0.865716 0.578044 0.0902476 0.075556 0.805384
0 0.0777867 0.626665 0.0349685 0.117232 0.77343
0 0.0474324 0.628493 0.0306859 0.117841 0.70102
0 0.296827 0.629169 0.0328046 0.108071 0.676778
0 0.0155254 0.628341 0.0299728 0.127236 0.603818
