1 0.826553 0.601999 0.233677 0.163344 0.928318
1 0.0697531 0.53963 0.138572 0.81612 0.925105
0 0.586003 0.594555 0.0921383 0.35819 0.864321
1 0.966265 0.608012 0.0664442 0.115916 0.844553
0 0.439115 0.624956 0.132236 0.4634 0.832893
2 0.246467 0.6079 0.0647151 0.142203 0.81459
4 0.665772 0.556394 0.107949 0.144828 0.802514
4 0.363494 0.55113 0.0775371 0.183304 0.749231
2 0.171394 0.612043 0.0613247 0.137746 0.744492
1 0.283025 0.598106 0.0418615 0.0957049 0.695973
1 0.364359 0.59509 0.0517836 0.116418 0.647146
1 0.213273 0.604445 0.065083 0.098234 0.547719
