5 0.181865 0.615208 0.0812838 0.19475 0.917367
1 0.0771172 0.557589 0.152682 0.708095 0.89965
1 0.808946 0.615076 0.161441 0.102207 0.899354
1 0.59102 0.602795 0.0575337 0.0620557 0.886375
1 0.328739 0.612221 0.0694063 0.0556695 0.828583
0 0.125663 0.608333 0.078921 0.379964 0.790255
2 0.675693 0.606678 0.0312441 0.0667717 0.789501
1 0.746689 0.604432 0.0558807 0.0703872 0.721913
2 0.181295 0.624075 0.0768847 0.179002 0.647117
0 0.890274 0.60002 0.0276722 0.088738 0.536358
0 0.703718 0.60191 0.0241939 0.0666702 0.518693
