1 0.0771546 0.560029 0.152834 0.704641 0.893889
0 0.302176 0.613928 0.0970239 0.303261 0.838353
1 0.759733 0.607575 0.0640437 0.0717735 0.816923
0 0.126244 0.607012 0.083668 0.384418 0.810548
1 0.957828 0.617102 0.0819674 0.101714 0.779143
0 0.635164 0.609102 0.0479596 0.133205 0.766916
0 0.876825 0.611604 0.0479987 0.137035 0.747525
0 0.535572 0.624809 0.11091 0.308589 0.740808
0 0.825941 0.613287 0.0422142 0.115517 0.736768
0 0.584009 0.614953 0.0401622 0.129507 0.723862
0 0.500489 0.64151 0.100366 0.268888 0.637947
0 0.399815 0.616378 0.0735672 0.264631 0.624223
0 0.681845 0.627054 0.0717771 0.286688 0.617724
0 0.240831 0.620093 0.0533405 0.247929 0.607697
2 0.16296 0.627536 0.0280066 0.088088 0.5778
0 0.222859 0.622719 0.0686705 0.246635 0.520491
