1 0.0717095 0.537953 0.142149 0.814391 0.927218
0 0.838588 0.597975 0.135532 0.473319 0.840463
4 0.384143 0.545209 0.126208 0.193657 0.78655
0 0.646209 0.617564 0.137766 0.436275 0.754589
0 0.214241 0.620479 0.158695 0.526381 0.728906
0 0.452662 0.601738 0.102767 0.352457 0.72319
0 0.532872 0.614684 0.111299 0.454244 0.713613
0 0.276936 0.612322 0.0993461 0.515288 0.668926
1 0.322716 0.611178 0.0312281 0.0989255 0.666426
0 0.770484 0.596969 0.0672488 0.164585 0.545538
0 0.40474 0.603653 0.0366928 0.126077 0.520901
