1 0.0776858 0.55418 0.155372 0.705445 0.913548
1 0.379797 0.616671 0.114531 0.0982178 0.874808
4 0.36126 0.562583 0.146043 0.186751 0.851313
2 0.845802 0.612009 0.125134 0.16583 0.850692
1 0.203971 0.607086 0.169281 0.298609 0.84149
0 0.736335 0.608548 0.0496633 0.130007 0.749734
1 0.690649 0.609451 0.0747051 0.0683787 0.745262
0 0.975312 0.621922 0.0493763 0.296855 0.650379
1 0.711973 0.609233 0.115207 0.0695245 0.63047
1 0.762094 0.601461 0.0430963 0.061143 0.588279
0 0.254094 0.620975 0.069498 0.235787 0.578939
1 0.750551 0.601504 0.0619962 0.0601839 0.502052
