1 0.603795 0.583401 0.107949 0.133232 0.933623
1 0.746875 0.594936 0.0636217 0.0822989 0.930256
1 0.693833 0.593091 0.0940604 0.0949511 0.895831
2 0.454487 0.610715 0.217361 0.457209 0.891356
1 0.680837 0.608282 0.0567133 0.0767072 0.890932
1 0.836735 0.59866 0.0315149 0.0572922 0.880856
1 0.804199 0.597164 0.0516963 0.0606112 0.835573
1 0.77726 0.595475 0.0318947 0.0679434 0.808559
1 0.955864 0.607915 0.0252984 0.0409392 0.737154
1 0.927543 0.601887 0.0416846 0.0514014 0.684414
2 0.876122 0.604164 0.0324562 0.0517447 0.640309
