1 0.0702038 0.537165 0.139409 0.810306 0.928286
1 0.913057 0.601944 0.173886 0.183315 0.887432
4 0.712449 0.545466 0.166203 0.208701 0.842969
0 0.44281 0.623124 0.147392 0.461333 0.832352
2 0.245526 0.604952 0.0665324 0.146608 0.827199
0 0.591254 0.595829 0.0945507 0.354637 0.820299
2 0.167701 0.611659 0.0642766 0.143424 0.760148
4 0.364069 0.546917 0.0801814 0.172831 0.733563
1 0.85098 0.596725 0.0833516 0.0878389 0.72728
1 0.28473 0.600303 0.0425279 0.0907713 0.713456
1 0.365322 0.597918 0.0529527 0.113723 0.682985
1 0.810982 0.595788 0.0375016 0.0695072 0.67048
2 0.324293 0.597243 0.0251628 0.0564061 0.619382
