4 0.348022 0.562412 0.177753 0.209817 0.919842
1 0.0762172 0.559637 0.152434 0.696346 0.911211
2 0.420276 0.621233 0.0834814 0.125851 0.826989
1 0.965805 0.617053 0.0683909 0.103542 0.815648
0 0.218867 0.622568 0.0576726 0.132711 0.789261
0 0.602094 0.609142 0.0524355 0.143753 0.785279
1 0.698465 0.606385 0.0539591 0.0494881 0.765699
0 0.168115 0.619753 0.0680687 0.279669 0.745494
0 0.780402 0.616418 0.124004 0.356318 0.687661
2 0.85911 0.616149 0.0462754 0.136866 0.596905
4 0.432283 0.573876 0.0478806 0.149806 0.568551
2 0.658706 0.608123 0.0219517 0.0486386 0.556716
0 0.837936 0.624517 0.10888 0.331104 0.504556
