1 0.0770969 0.549376 0.154041 0.719642 0.905207
0 0.236596 0.616183 0.121636 0.403425 0.871929
0 0.580496 0.616296 0.121624 0.329832 0.860558
1 0.637016 0.60565 0.0682554 0.0732661 0.855186
2 0.401826 0.615126 0.0503584 0.116194 0.807461
1 0.712175 0.604291 0.0443325 0.0515141 0.787814
2 0.352352 0.604903 0.0227933 0.0563154 0.733901
2 0.96579 0.629583 0.0684209 0.200858 0.63137
1 0.753303 0.600141 0.0613611 0.0725703 0.559668
1 0.813751 0.639689 0.168558 0.147236 0.552244
2 0.166881 0.622492 0.0509192 0.129893 0.54699
