1 0.0699995 0.538778 0.138702 0.812761 0.93394
1 0.683835 0.597644 0.09639 0.0867864 0.910557
1 0.389941 0.587344 0.0989859 0.133824 0.90091
0 0.473856 0.594581 0.123916 0.446745 0.874135
1 0.809771 0.595051 0.0945266 0.086727 0.871146
1 0.931041 0.600055 0.124507 0.118512 0.853198
1 0.632618 0.592662 0.044275 0.0579045 0.842281
2 0.30667 0.594206 0.0342146 0.0801355 0.831169
0 0.962649 0.614347 0.0747015 0.355108 0.829354
0 0.194344 0.608588 0.0586248 0.133378 0.818385
1 0.747152 0.593393 0.0434437 0.0572611 0.738897
1 0.768098 0.59295 0.0325173 0.0689709 0.559718
