1 0.0768241 0.557587 0.153648 0.712027 0.916022
1 0.890212 0.611591 0.207228 0.156195 0.877651
2 0.271266 0.625483 0.105973 0.20978 0.852443
1 0.750314 0.603543 0.0700299 0.0686669 0.843246
0 0.673269 0.620865 0.119744 0.344656 0.812473
2 0.968214 0.611745 0.0635719 0.209824 0.733905
2 0.176084 0.619224 0.0547583 0.138324 0.717268
0 0.630512 0.621476 0.142612 0.344585 0.716982
2 0.699721 0.609584 0.0377033 0.0816585 0.652791
2 0.343047 0.605497 0.0230868 0.0507448 0.551472
2 0.141668 0.630066 0.0307859 0.134083 0.524071
