1 0.0775246 0.544135 0.154419 0.729272 0.899399
1 0.825098 0.604593 0.113601 0.0957175 0.885108
1 0.709639 0.604699 0.0519505 0.0537008 0.859985
1 0.749877 0.601259 0.0617979 0.0715325 0.858734
2 0.954478 0.617127 0.0910442 0.216563 0.846946
1 0.644077 0.600266 0.041423 0.0432007 0.780813
0 0.34985 0.620872 0.134448 0.305774 0.778479
0 0.229944 0.616502 0.0774031 0.345535 0.748222
0 0.411574 0.606877 0.0731642 0.321312 0.746202
0 0.169469 0.605932 0.0988805 0.381617 0.745008
0 0.588988 0.623081 0.0924368 0.29536 0.64711
1 0.93903 0.608276 0.12194 0.152124 0.600792
