1 0.60318 0.587536 0.111951 0.134098 0.946751
1 0.470258 0.585009 0.197791 0.14783 0.940934
1 0.745677 0.598362 0.0636749 0.0819799 0.929454
1 0.679744 0.61215 0.0538821 0.077436 0.889728
1 0.692972 0.597346 0.0916333 0.094658 0.869478
1 0.836596 0.602451 0.0294194 0.0565432 0.846563
1 0.804706 0.600196 0.054082 0.0627828 0.834874
1 0.932284 0.607661 0.0462968 0.0506099 0.817163
1 0.777887 0.599189 0.031142 0.0649624 0.790751
1 0.959854 0.611235 0.0248179 0.0405178 0.742074
2 0.884306 0.604016 0.0364326 0.0719048 0.666217
