1 0.747337 0.593678 0.0674763 0.0817277 0.932058
1 0.603417 0.583187 0.110547 0.133238 0.908151
1 0.680488 0.608214 0.0559027 0.0729612 0.905844
1 0.469928 0.582139 0.19678 0.148511 0.890459
1 0.694303 0.591855 0.0904665 0.0911907 0.880799
1 0.836804 0.597914 0.0315392 0.0571284 0.879394
1 0.804892 0.595398 0.0566211 0.0621499 0.808897
1 0.923144 0.603549 0.031116 0.0473861 0.736183
2 0.947834 0.613097 0.0373942 0.110514 0.634222
1 0.779306 0.593798 0.0289814 0.0677587 0.616264
5 0.876014 0.604121 0.0351439 0.0495191 0.579045
