1 0.0695374 0.538195 0.137708 0.812505 0.930604
2 0.189362 0.606686 0.0506718 0.114122 0.865821
1 0.809254 0.594 0.0985152 0.0868535 0.863701
1 0.673426 0.590701 0.0473311 0.0395138 0.816726
0 0.553078 0.593462 0.195613 0.401267 0.815202
1 0.742521 0.595131 0.052496 0.0599235 0.79289
0 0.272588 0.602281 0.129491 0.34231 0.761642
0 0.874778 0.597184 0.0476874 0.147293 0.691617
0 0.396356 0.594149 0.190408 0.469493 0.647161
0 0.46366 0.598154 0.11608 0.445945 0.617238
0 0.92792 0.601087 0.0272448 0.0974752 0.61374
