1 0.0771138 0.551823 0.153226 0.718407 0.896751
0 0.939915 0.628855 0.102802 0.25123 0.849656
0 0.824917 0.611389 0.130172 0.341527 0.847306
0 0.649929 0.61563 0.0540347 0.130578 0.836328
0 0.532446 0.610196 0.0640793 0.140122 0.83512
0 0.768991 0.616158 0.0542436 0.12019 0.801069
0 0.366699 0.614806 0.0506397 0.139368 0.787217
2 0.301616 0.612307 0.0280889 0.065967 0.764522
0 0.142048 0.615686 0.0757009 0.328578 0.747884
0 0.72326 0.612915 0.0424097 0.138026 0.728144
0 0.235452 0.619954 0.0801756 0.310544 0.696747
1 0.685271 0.603313 0.0517151 0.0710109 0.659135
0 0.208375 0.618234 0.132464 0.313489 0.642813
1 0.801077 0.609975 0.0456253 0.0755045 0.636666
0 0.976717 0.634659 0.0465658 0.239989 0.608331
