1 0.604732 0.582464 0.108637 0.135082 0.898353
1 0.470745 0.583907 0.198055 0.150841 0.88534
1 0.694706 0.594755 0.0906076 0.0968617 0.877268
1 0.748494 0.595997 0.0644979 0.0871927 0.869638
1 0.679797 0.609531 0.0550168 0.0782251 0.859068
1 0.837036 0.59947 0.0323091 0.0539845 0.825321
1 0.805211 0.598043 0.0511696 0.0623485 0.824987
1 0.971122 0.607194 0.0480118 0.0540668 0.770955
1 0.779159 0.595463 0.0291631 0.0661153 0.757705
0 0.243953 0.602208 0.18059 0.428154 0.592349
1 0.905468 0.599928 0.0752997 0.0801232 0.54441
