1 0.470222 0.582784 0.196555 0.148106 0.939734
1 0.746358 0.594942 0.0635345 0.0833189 0.91037
1 0.605222 0.582851 0.109937 0.129383 0.908496
1 0.680572 0.609547 0.0526865 0.0777966 0.899073
1 0.836584 0.599156 0.0295937 0.0569889 0.866886
1 0.695599 0.59488 0.0880829 0.0922571 0.864621
1 0.805571 0.597312 0.0504731 0.0609512 0.838607
1 0.778404 0.596818 0.0320282 0.063785 0.82569
1 0.931922 0.604748 0.0447417 0.0508062 0.816672
2 0.606938 0.588232 0.0531521 0.153216 0.795458
1 0.957297 0.609318 0.0237408 0.0410217 0.757356
5 0.873259 0.603972 0.0415634 0.0476893 0.741641
