1 0.566076 0.635165 0.150209 0.107352 0.903656
1 0.749033 0.6411 0.111051 0.110834 0.884586
1 0.938556 0.626444 0.108006 0.102072 0.86601
2 0.0617374 0.64074 0.102156 0.130245 0.83886
2 0.173385 0.640556 0.073688 0.119323 0.838282
2 0.472164 0.640323 0.048296 0.0944764 0.797418
0 0.237167 0.636646 0.0271764 0.0862176 0.767601
0 0.299972 0.641225 0.0437492 0.128611 0.72826
2 0.824776 0.626793 0.0337238 0.0596717 0.652424
0 0.683503 0.620141 0.0216212 0.0581461 0.606342
0 0.015084 0.627357 0.0300328 0.129333 0.567841
0 0.41717 0.630502 0.0262783 0.0715019 0.539001
0 0.366674 0.637017 0.0349493 0.121349 0.533428
0 0.440234 0.627068 0.0271758 0.0755279 0.501472
