1 0.470838 0.581771 0.197051 0.146816 0.954494
1 0.603845 0.583513 0.109733 0.135113 0.953979
1 0.746187 0.59472 0.0615592 0.0820856 0.910783
1 0.693857 0.593924 0.0940242 0.0960431 0.882234
1 0.836971 0.598705 0.0295019 0.0565378 0.882206
1 0.680969 0.609216 0.0548 0.0772492 0.877511
1 0.807661 0.597164 0.0529512 0.0616407 0.853682
1 0.931303 0.603569 0.0468089 0.0511861 0.820907
1 0.777444 0.595389 0.0326463 0.0662037 0.806973
1 0.958423 0.607898 0.0233977 0.0403389 0.78277
5 0.87409 0.603588 0.0388434 0.0466335 0.645711
