1 0.0704854 0.534589 0.139581 0.810714 0.933567
4 0.386171 0.54792 0.161508 0.215283 0.907764
0 0.684988 0.596689 0.125242 0.469373 0.893549
0 0.505975 0.589658 0.143485 0.384324 0.855986
0 0.880994 0.595478 0.0844951 0.320762 0.831781
0 0.236949 0.609264 0.112551 0.407384 0.809668
0 0.149131 0.596901 0.122782 0.430223 0.725029
0 0.597885 0.580318 0.0805295 0.329329 0.714394
0 0.774149 0.594534 0.0947677 0.340689 0.707933
0 0.822332 0.597808 0.101197 0.356119 0.627371
0 0.94539 0.589654 0.0257402 0.0848645 0.515498
