1 0.0769995 0.548682 0.153824 0.725353 0.896883
1 0.746192 0.602055 0.074773 0.0688558 0.839503
2 0.931657 0.61125 0.0553285 0.10119 0.817571
2 0.865409 0.608236 0.04459 0.098982 0.811078
1 0.699294 0.604809 0.0461961 0.0520281 0.809278
1 0.366083 0.606851 0.0461223 0.0513614 0.800206
2 0.637738 0.60419 0.0228792 0.0554667 0.76709
2 0.396303 0.606128 0.0357127 0.0850447 0.733995
2 0.442897 0.606513 0.0200271 0.0495771 0.675056
0 0.202125 0.626008 0.091363 0.286036 0.66069
0 0.246605 0.656979 0.0597967 0.207791 0.635575
