1 0.0700656 0.539921 0.139173 0.82001 0.929831
1 0.420449 0.601664 0.115938 0.10706 0.892546
2 0.760784 0.626401 0.191523 0.443552 0.856348
0 0.319877 0.595049 0.118044 0.327486 0.854485
0 0.618233 0.600014 0.133033 0.486725 0.849982
0 0.920334 0.619965 0.107792 0.335993 0.825255
2 0.154496 0.607243 0.0490503 0.114475 0.79029
2 0.19743 0.607578 0.05035 0.116894 0.787812
2 0.23488 0.598585 0.0327702 0.078641 0.735652
1 0.967515 0.608464 0.0535469 0.0955111 0.716098
1 0.692308 0.602924 0.0845657 0.118182 0.657279
2 0.282935 0.595399 0.0253629 0.062125 0.607535
0 0.856133 0.596488 0.112144 0.403715 0.586366
