1 0.0704723 0.537236 0.139806 0.812647 0.914101
1 0.687024 0.597745 0.0867748 0.0823061 0.880614
0 0.831677 0.599554 0.136966 0.472587 0.877647
0 0.441956 0.607732 0.165287 0.470535 0.873591
1 0.742601 0.597147 0.0461385 0.0632954 0.847056
2 0.220757 0.607531 0.0447423 0.11619 0.807319
0 0.160444 0.616129 0.0885525 0.375612 0.804738
4 0.602605 0.571163 0.0564631 0.079555 0.795923
2 0.630651 0.596706 0.0262115 0.0618211 0.763258
0 0.959612 0.616188 0.079658 0.328406 0.755718
5 0.349242 0.596943 0.0865471 0.125473 0.691187
1 0.776927 0.594019 0.0391 0.0578491 0.563447
