4 0.383153 0.548698 0.163743 0.211754 0.959992
1 0.0699759 0.533714 0.139176 0.810422 0.928297
1 0.215581 0.609126 0.125655 0.106696 0.886513
0 0.768017 0.600356 0.156545 0.49814 0.840614
1 0.674311 0.595173 0.0642979 0.0574434 0.828515
0 0.913847 0.638624 0.132189 0.333296 0.753255
1 0.608715 0.58941 0.040437 0.0396681 0.721723
1 0.809321 0.592034 0.0387323 0.0682332 0.708434
0 0.951079 0.625532 0.095358 0.300751 0.650163
1 0.266626 0.603536 0.0469354 0.0963078 0.587413
0 0.934436 0.635644 0.100331 0.334897 0.529486
0 0.961291 0.613537 0.0769966 0.2656 0.518328
0 0.835163 0.589552 0.018554 0.0749901 0.517053
