1 0.0766868 0.546927 0.153043 0.725626 0.913054
1 0.911802 0.613269 0.115384 0.110676 0.885816
4 0.357164 0.560808 0.16599 0.212274 0.884418
0 0.83873 0.609318 0.0620341 0.142156 0.835202
0 0.464234 0.614769 0.0625292 0.139446 0.789857
0 0.729486 0.610053 0.0591026 0.128136 0.789805
0 0.538347 0.611805 0.0421333 0.131964 0.740836
0 0.345327 0.615068 0.058548 0.139985 0.726948
0 0.576523 0.60609 0.0546879 0.136014 0.717792
0 0.664878 0.607378 0.0501542 0.143532 0.716369
0 0.62242 0.609365 0.0424794 0.142457 0.699057
4 0.658833 0.53145 0.168194 0.122086 0.691155
2 0.200718 0.621577 0.0692625 0.13821 0.676596
2 0.260477 0.611064 0.0259466 0.0646384 0.666323
1 0.652907 0.60333 0.15257 0.125393 0.65896
1 0.744411 0.611439 0.150535 0.108673 0.62607
0 0.355893 0.618342 0.0470792 0.133903 0.553598
2 0.144368 0.622566 0.0297985 0.123066 0.502227
