1 0.25617 0.599664 0.129734 0.0857603 0.921873
1 0.856777 0.611814 0.284077 0.214666 0.910048
1 0.0861997 0.600951 0.168428 0.115904 0.890663
1 0.941801 0.724618 0.116398 0.283709 0.760874
1 0.806481 0.599697 0.287199 0.150812 0.745369
1 0.387396 0.595934 0.0487075 0.0568269 0.706017
2 0.448668 0.601221 0.0230881 0.0661185 0.677291
1 0.892142 0.650086 0.214495 0.30066 0.661951
1 0.432471 0.595703 0.037534 0.0502192 0.633424
1 0.589997 0.601365 0.0378504 0.0507087 0.544591
0 0.491063 0.598419 0.0197205 0.0595624 0.535049
