1 0.0760878 0.628798 0.152176 0.260529 0.887318
1 0.369061 0.618458 0.362845 0.180036 0.884986
0 0.219869 0.559466 0.0506747 0.0975617 0.759889
0 0.608616 0.600636 0.0415413 0.143011 0.700829
0 0.65374 0.575719 0.0346408 0.127029 0.692204
0 0.859654 0.580624 0.0418391 0.129434 0.594921
0 0.892572 0.581692 0.0275208 0.102008 0.574788
0 0.945516 0.578991 0.0280421 0.0932153 0.560543
0 0.155109 0.588717 0.0439769 0.143332 0.552387
0 0.499661 0.543033 0.0274265 0.0425661 0.544082
0 0.258227 0.557788 0.0390635 0.0617172 0.531838
1 0.984008 0.589318 0.0319842 0.172428 0.522282
