1 0.604447 0.582125 0.111782 0.135486 0.948121
1 0.471088 0.57994 0.198196 0.148746 0.918573
1 0.680932 0.607917 0.0543377 0.0787008 0.896877
1 0.694234 0.592925 0.0914699 0.0962278 0.872643
1 0.930832 0.602771 0.0483724 0.0526637 0.839348
1 0.837769 0.597698 0.031079 0.0572553 0.83376
1 0.745385 0.595577 0.0570221 0.084219 0.774822
0 0.757758 0.594424 0.0314808 0.0974206 0.764587
1 0.9848 0.607623 0.0303993 0.0442511 0.75655
1 0.959904 0.607519 0.0221967 0.0399065 0.744458
0 0.789827 0.599137 0.0312592 0.0937394 0.744396
5 0.875326 0.60294 0.0392704 0.0471189 0.642885
1 0.818648 0.595479 0.0377752 0.0582212 0.538577
