1 0.588588 0.574844 0.14414 0.111853 0.918776
1 0.379462 0.571773 0.145695 0.12776 0.915829
2 0.788254 0.589389 0.140863 0.158308 0.855685
1 0.504652 0.570579 0.0684821 0.0932842 0.821851
4 0.447667 0.526003 0.135253 0.140316 0.800901
1 0.275878 0.563309 0.029928 0.0602761 0.725259
2 0.923917 0.576043 0.042587 0.0841135 0.723668
0 0.0696401 0.56622 0.0484259 0.166031 0.721882
1 0.481362 0.565469 0.0544719 0.089042 0.641351
0 0.0136129 0.576006 0.0263215 0.170872 0.621713
2 0.916494 0.574604 0.0277546 0.0845073 0.550376
2 0.930713 0.575738 0.0330144 0.0874156 0.521112
1 0.301345 0.568389 0.040865 0.0736616 0.519384
