1 0.0780815 0.553767 0.155202 0.713241 0.904796
1 0.687885 0.605534 0.111549 0.104417 0.903062
1 0.608294 0.607896 0.0683355 0.0678036 0.850089
1 0.758338 0.603255 0.0528016 0.0668395 0.822877
1 0.19573 0.605209 0.160895 0.3123 0.812016
0 0.856739 0.619837 0.126093 0.420326 0.810839
0 0.403017 0.62034 0.10433 0.256559 0.799559
4 0.584929 0.570816 0.0789529 0.0897565 0.780576
4 0.937737 0.516021 0.122611 0.32093 0.773663
0 0.953452 0.618556 0.0930966 0.39071 0.707535
0 0.269938 0.635919 0.0965376 0.254177 0.69996
2 0.349997 0.612289 0.0322757 0.0731301 0.648585
0 0.442592 0.644567 0.0519139 0.197474 0.548803
