1 0.0702934 0.52997 0.139652 0.815871 0.916372
1 0.783603 0.588985 0.113801 0.0901537 0.883841
1 0.92405 0.601089 0.116497 0.102508 0.877307
0 0.139612 0.582178 0.106188 0.434312 0.859038
4 0.381481 0.543062 0.157083 0.202614 0.843016
2 0.68845 0.595038 0.039342 0.092171 0.803247
0 0.515693 0.594624 0.153736 0.398378 0.795284
0 0.85897 0.594408 0.0533149 0.152406 0.763988
2 0.29094 0.598968 0.0539336 0.122029 0.744953
0 0.638461 0.594757 0.0607185 0.141886 0.705594
0 0.242147 0.59116 0.0470955 0.1599 0.685892
0 0.563991 0.603953 0.094404 0.359556 0.622594
0 0.361201 0.599561 0.052817 0.140391 0.593046
