1 0.0702184 0.53523 0.139507 0.813297 0.934239
0 0.864529 0.593509 0.0945759 0.349858 0.911646
2 0.299467 0.599788 0.041539 0.105946 0.869116
4 0.76917 0.50274 0.458074 0.403001 0.864225
2 0.261133 0.598791 0.0371861 0.0780511 0.837189
2 0.380794 0.603891 0.0498546 0.127788 0.832969
0 0.486592 0.593858 0.125271 0.317462 0.832252
0 0.177868 0.596933 0.0986271 0.337098 0.821256
2 0.213366 0.604102 0.0350281 0.0934471 0.813501
0 0.716542 0.596225 0.0990033 0.316193 0.735552
0 0.612827 0.639758 0.130435 0.31801 0.680793
0 0.549988 0.598089 0.137926 0.397665 0.638155
2 0.410091 0.591647 0.0272191 0.0644017 0.532155
