0 0.948914 0.61679 0.102171 0.316327 0.907914
1 0.0776644 0.541881 0.155329 0.726653 0.905844
0 0.751279 0.612914 0.170783 0.380253 0.882702
1 0.688894 0.603031 0.10413 0.104763 0.836801
4 0.877999 0.538603 0.244001 0.275287 0.82901
1 0.324615 0.624823 0.37114 0.220216 0.828218
1 0.607466 0.603 0.0696573 0.0698063 0.782454
0 0.163483 0.619399 0.0805836 0.310918 0.770242
4 0.363122 0.50907 0.153846 0.113329 0.710659
0 0.287558 0.619551 0.101935 0.312341 0.700968
0 0.318008 0.6249 0.0706261 0.269112 0.597704
