1 0.469513 0.585711 0.198742 0.146073 0.946789
1 0.6019 0.588524 0.110898 0.134108 0.943442
1 0.745467 0.599289 0.0625765 0.083193 0.923592
1 0.679479 0.613039 0.0549233 0.0774226 0.900426
1 0.692506 0.598232 0.0924947 0.0957906 0.899332
1 0.835888 0.603241 0.0301761 0.0564048 0.880087
0 0.910952 0.611142 0.0270125 0.0848739 0.879397
1 0.777012 0.599783 0.0320923 0.0640641 0.82431
0 0.950823 0.611995 0.0264504 0.0750141 0.820414
1 0.804629 0.601051 0.0514729 0.0621507 0.802143
0 0.988444 0.618043 0.0231114 0.107895 0.680715
1 0.934988 0.608454 0.0333913 0.050811 0.659951
