4 0.834221 0.599167 0.15496 0.129261 0.919153
1 0.575854 0.63648 0.14328 0.105542 0.914003
4 0.63476 0.592244 0.22174 0.178244 0.911874
2 0.459934 0.639619 0.0441471 0.10049 0.798958
1 0.915856 0.625296 0.0389481 0.0512564 0.796951
1 0.772031 0.644317 0.100136 0.103112 0.792473
2 0.777199 0.645603 0.076304 0.122641 0.725992
2 0.966322 0.631104 0.0419137 0.0934685 0.715426
2 0.149682 0.63221 0.0493456 0.0904166 0.703003
1 0.940327 0.618085 0.0350819 0.047307 0.640608
1 0.740624 0.64331 0.040389 0.0914685 0.538973
2 0.490458 0.638925 0.0436159 0.0976678 0.525784
