1 0.0768785 0.546122 0.15339 0.729603 0.908068
4 0.354247 0.564149 0.151038 0.19141 0.886322
1 0.730915 0.615909 0.125042 0.10846 0.884105
1 0.848958 0.614748 0.179232 0.136877 0.865476
1 0.926141 0.616332 0.147718 0.164392 0.835445
2 0.178844 0.622183 0.071032 0.118824 0.829408
2 0.534942 0.611546 0.062535 0.124819 0.806337
2 0.35252 0.616796 0.0554531 0.104817 0.8058
2 0.450112 0.614003 0.0554145 0.1056 0.801638
2 0.287044 0.618158 0.0493706 0.112275 0.797776
1 0.616825 0.607651 0.0678347 0.08847 0.760537
2 0.246538 0.620223 0.0603502 0.124349 0.72517
2 0.413581 0.617296 0.0400275 0.0995059 0.703225
1 0.684068 0.602666 0.0596657 0.084499 0.643435
1 0.578379 0.599715 0.0355699 0.0492157 0.561607
2 0.650905 0.610342 0.0402944 0.0990434 0.514884
