1 0.603863 0.584124 0.110309 0.134736 0.946583
1 0.680226 0.609816 0.0537438 0.078031 0.90412
1 0.746946 0.595331 0.0624263 0.0826046 0.903856
1 0.237692 0.654107 0.468402 0.609664 0.900456
1 0.836696 0.599444 0.0282621 0.0558713 0.897439
1 0.499328 0.584121 0.143222 0.149031 0.887306
1 0.694959 0.594956 0.0903163 0.0940936 0.865701
1 0.807686 0.597266 0.0532608 0.061496 0.863437
1 0.972695 0.611113 0.0467721 0.0449141 0.820343
1 0.777913 0.596602 0.0319307 0.0646175 0.810148
1 0.9302 0.604568 0.043629 0.0494916 0.793279
