1 0.7468 0.594623 0.0664258 0.0840518 0.917127
1 0.604443 0.583804 0.111231 0.131567 0.9073
1 0.278931 0.655611 0.557862 0.553266 0.885135
1 0.679968 0.609138 0.0535848 0.0776742 0.878989
1 0.693165 0.594 0.090321 0.0941175 0.875395
1 0.849726 0.608788 0.0770298 0.0819156 0.859641
1 0.933449 0.60604 0.114391 0.122815 0.843516
1 0.799494 0.596617 0.0432188 0.059824 0.826409
1 0.497234 0.582928 0.1351 0.148712 0.803969
1 0.77658 0.594955 0.0315483 0.0683253 0.798839
0 0.577506 0.583892 0.0537686 0.167768 0.715208
1 0.992034 0.609342 0.0159321 0.058572 0.50507
