1 0.603706 0.584149 0.11035 0.135312 0.944062
1 0.470537 0.582265 0.196321 0.14609 0.931736
1 0.845235 0.609123 0.114585 0.117018 0.930207
1 0.746228 0.595291 0.0628605 0.0810732 0.917228
1 0.680358 0.609783 0.0554636 0.0792823 0.897031
1 0.694057 0.594027 0.0933609 0.0964677 0.881083
1 0.930651 0.604196 0.0402696 0.0505157 0.772064
1 0.788374 0.596754 0.0287843 0.0648586 0.65049
2 0.959285 0.608655 0.0283155 0.0763113 0.588636
1 0.774436 0.595828 0.0311048 0.0678959 0.550485
0 0.990774 0.61691 0.0184515 0.133441 0.54111
