1 0.0773504 0.558679 0.153723 0.70696 0.908547
0 0.380684 0.613797 0.140027 0.337938 0.904029
0 0.724642 0.612744 0.0581882 0.135775 0.883431
1 0.675232 0.604301 0.0691955 0.072267 0.832699
0 0.31968 0.614561 0.0405645 0.117971 0.803077
0 0.455341 0.611162 0.0623378 0.139569 0.799316
0 0.961875 0.612195 0.0762499 0.37234 0.79469
0 0.926047 0.612595 0.0501889 0.122346 0.786082
0 0.195142 0.619244 0.0970466 0.313473 0.780156
0 0.263798 0.616485 0.060155 0.14335 0.773375
0 0.820776 0.612164 0.0350888 0.128604 0.631585
0 0.848367 0.613196 0.0626394 0.126009 0.623508
