3 0.291988 0.580439 0.124891 0.192847 0.969981
1 0.86333 0.628166 0.243992 0.115881 0.860331
1 0.368821 0.626833 0.0719551 0.0707181 0.821752
1 0.151212 0.623026 0.288654 0.12917 0.788338
1 0.756646 0.619408 0.139147 0.0837786 0.784656
0 0.215962 0.635759 0.0534729 0.202639 0.76868
1 0.547421 0.62095 0.0360139 0.0400449 0.766081
1 0.780099 0.633117 0.0939369 0.0910877 0.745486
0 0.459724 0.622781 0.027178 0.0792689 0.731816
0 0.422778 0.626563 0.0266711 0.0759512 0.724308
1 0.97312 0.629308 0.0537594 0.13717 0.71543
0 0.615726 0.626546 0.0243171 0.0808177 0.649301
1 0.40943 0.622976 0.0444273 0.0533789 0.530528
