1 0.0771113 0.557131 0.154223 0.708769 0.908506
1 0.686763 0.608241 0.0750775 0.0724895 0.869979
1 0.789741 0.609196 0.0853558 0.0726744 0.864847
0 0.35057 0.633337 0.13075 0.402666 0.820761
1 0.745302 0.602033 0.0524267 0.0661976 0.819591
2 0.251886 0.615651 0.0433214 0.102741 0.788051
2 0.153199 0.621622 0.0288078 0.089431 0.747461
1 0.656625 0.604858 0.0401778 0.0665722 0.731411
1 0.579991 0.602144 0.045279 0.0435876 0.716737
0 0.447494 0.624758 0.147752 0.416924 0.526156
0 0.48981 0.625506 0.200418 0.407568 0.506532
