1 0.60408 0.583231 0.110492 0.134671 0.948716
1 0.746305 0.594563 0.0645847 0.0827894 0.927207
1 0.470263 0.581011 0.197528 0.147016 0.923246
1 0.693802 0.593845 0.0923424 0.0967537 0.906532
1 0.680441 0.608631 0.0547211 0.077783 0.899843
1 0.836744 0.59914 0.0310394 0.0563782 0.873744
1 0.778326 0.595067 0.0334311 0.0676489 0.826853
1 0.807455 0.596845 0.056458 0.06235 0.82244
1 0.930239 0.60307 0.0460483 0.0508589 0.782591
2 0.87447 0.603243 0.0296976 0.0525448 0.779841
2 0.970484 0.616489 0.0313097 0.089733 0.626911
