1 0.840261 0.641914 0.113541 0.0978338 0.878218
2 0.322932 0.633334 0.0643177 0.0874562 0.867607
2 0.656822 0.648438 0.193825 0.21861 0.854602
1 0.560508 0.63651 0.142527 0.110134 0.838886
4 0.945311 0.59626 0.106974 0.137083 0.827316
2 0.0358711 0.630612 0.0708118 0.113758 0.737393
0 0.980544 0.641246 0.0389122 0.15456 0.72417
0 0.363526 0.627678 0.0228504 0.0754336 0.724137
2 0.0735197 0.634511 0.0755302 0.102755 0.662535
2 0.0521223 0.631158 0.10126 0.111212 0.614437
1 0.747864 0.633151 0.0577991 0.0770094 0.58089
0 0.250591 0.630701 0.0395708 0.0962353 0.517953
