1 0.077358 0.551775 0.154152 0.721461 0.908072
1 0.209129 0.612149 0.122994 0.109115 0.888131
1 0.745291 0.602085 0.0750529 0.0697064 0.843188
2 0.66574 0.604705 0.0295403 0.0664356 0.832745
1 0.700488 0.604262 0.0405006 0.0495774 0.78613
2 0.308587 0.607064 0.0250902 0.0582512 0.774163
0 0.897311 0.60692 0.111487 0.39164 0.751867
0 0.932303 0.617693 0.083272 0.36584 0.734136
2 0.413579 0.606947 0.0230562 0.0545704 0.72324
1 0.388334 0.605069 0.0446543 0.0432463 0.701502
2 0.844167 0.609427 0.0397296 0.108943 0.689473
2 0.629632 0.600947 0.0187798 0.0443655 0.544711
