1 0.0697325 0.539608 0.138976 0.817963 0.92505
1 0.691145 0.598447 0.0967429 0.0838252 0.922404
1 0.401653 0.59871 0.119217 0.115614 0.893056
0 0.272517 0.61393 0.178472 0.408336 0.892397
1 0.864683 0.5993 0.108992 0.091454 0.878073
0 0.15395 0.599674 0.108411 0.370994 0.874892
2 0.952115 0.602655 0.0645228 0.120974 0.835217
1 0.798267 0.597018 0.0606072 0.0741086 0.791187
4 0.41045 0.550374 0.129018 0.170309 0.77127
1 0.619885 0.588515 0.0482516 0.0492865 0.755903
1 0.785304 0.593069 0.0735972 0.0676917 0.615943
1 0.454025 0.594023 0.0366171 0.0764186 0.514637
