1 0.0768971 0.559303 0.152549 0.703604 0.899926
1 0.901178 0.612036 0.190254 0.140952 0.855462
1 0.795721 0.612472 0.0811195 0.0863252 0.855028
0 0.127832 0.608319 0.0836465 0.386071 0.804339
1 0.202757 0.602133 0.103127 0.216541 0.79861
0 0.678519 0.621764 0.105584 0.33531 0.779469
2 0.268043 0.615604 0.0354259 0.0951532 0.764538
1 0.62031 0.611682 0.0632157 0.0716697 0.756927
0 0.705602 0.611413 0.0829293 0.347244 0.69317
1 0.641198 0.619562 0.0419134 0.0809531 0.669431
1 0.753139 0.606098 0.0393777 0.0695853 0.656388
1 0.175723 0.603213 0.16373 0.221667 0.510975
