2 0.75754 0.626661 0.182916 0.448699 0.955418
1 0.0697173 0.537606 0.138013 0.814357 0.926486
1 0.42036 0.601768 0.115795 0.108203 0.909098
1 0.919333 0.598893 0.157953 0.166721 0.884798
2 0.155483 0.606404 0.0510336 0.115687 0.839265
1 0.357222 0.599379 0.0448929 0.0865066 0.799192
2 0.22439 0.599506 0.0354732 0.0876545 0.783187
0 0.626402 0.602468 0.127149 0.478129 0.764147
0 0.549722 0.582368 0.0715508 0.371062 0.721715
1 0.68727 0.600396 0.0613583 0.0833896 0.720956
2 0.283578 0.592463 0.0298449 0.0679269 0.718782
0 0.983969 0.605989 0.0320612 0.339363 0.530055
