4 0.380223 0.557721 0.171931 0.217589 0.938396
1 0.077883 0.545481 0.154766 0.724196 0.902825
2 0.542564 0.609177 0.0942928 0.158299 0.837403
2 0.348185 0.618108 0.0677779 0.131002 0.823388
1 0.906722 0.615874 0.186556 0.119616 0.822196
2 0.676898 0.616135 0.164302 0.192188 0.804348
0 0.225292 0.611615 0.0952741 0.323146 0.800795
2 0.795278 0.618883 0.0942039 0.15157 0.741295
0 0.162917 0.605361 0.0762615 0.349666 0.700966
1 0.597721 0.598627 0.0493231 0.0682156 0.646248
0 0.92456 0.609432 0.0454041 0.141909 0.639875
