1 0.0700721 0.537245 0.139176 0.811716 0.938293
0 0.470622 0.597587 0.121778 0.42722 0.893851
1 0.797476 0.599694 0.0796213 0.0699034 0.875876
2 0.262476 0.598097 0.0285417 0.0725178 0.752943
2 0.354803 0.595409 0.0205247 0.053811 0.743661
0 0.972269 0.634943 0.0554624 0.544341 0.725169
1 0.750495 0.595554 0.0489061 0.0588215 0.703832
2 0.328819 0.593708 0.0214795 0.051204 0.699896
2 0.731241 0.598482 0.0280094 0.0739777 0.690061
2 0.205107 0.600759 0.0389138 0.0869807 0.667036
2 0.68631 0.592248 0.0198129 0.047048 0.529477
