1 0.0758696 0.561024 0.151739 0.70048 0.913866
1 0.916469 0.614307 0.153666 0.104347 0.909606
1 0.784346 0.606762 0.128413 0.0930184 0.900979
2 0.298269 0.630667 0.0882515 0.172515 0.846466
0 0.397582 0.615124 0.172449 0.521248 0.769282
0 0.627803 0.61176 0.0416518 0.134603 0.754521
2 0.187649 0.627624 0.0720589 0.138942 0.747792
1 0.686418 0.603284 0.0396152 0.0514081 0.740214
0 0.553051 0.619717 0.0596328 0.124545 0.732589
0 0.236164 0.614433 0.0454856 0.148675 0.71895
4 0.30773 0.559139 0.0944928 0.21111 0.527676
0 0.986544 0.614108 0.0267114 0.121804 0.518665
