1 0.070699 0.535939 0.140363 0.810573 0.931226
1 0.230366 0.601461 0.124919 0.102459 0.919945
4 0.822089 0.527819 0.355821 0.305444 0.89453
0 0.950444 0.599436 0.0989298 0.464648 0.838414
4 0.424543 0.554111 0.103498 0.136742 0.834558
2 0.357294 0.600401 0.0533925 0.121128 0.833219
1 0.308486 0.594077 0.065358 0.0800776 0.815166
2 0.427188 0.603815 0.0570342 0.117434 0.784642
2 0.490384 0.597209 0.0485928 0.111011 0.686522
1 0.399105 0.603367 0.0757557 0.0905973 0.681181
1 0.637019 0.598612 0.0373828 0.0952871 0.605382
