3 0.153221 0.570169 0.111955 0.179373 0.94787
1 0.836891 0.606499 0.214019 0.133979 0.875941
1 0.0777223 0.612923 0.155445 0.115734 0.859388
1 0.677383 0.613015 0.182926 0.103745 0.858339
1 0.349828 0.609059 0.0263587 0.0330502 0.822639
1 0.224098 0.617077 0.0618159 0.0644718 0.799647
0 0.539566 0.616412 0.0392505 0.117543 0.792167
0 0.156609 0.617379 0.0368433 0.129729 0.703854
0 0.444148 0.612641 0.0389585 0.118035 0.689603
0 0.573059 0.6164 0.0371027 0.114972 0.677754
0 0.308711 0.61533 0.0220122 0.0744548 0.599166
0 0.286802 0.615887 0.0238775 0.0680107 0.587896
1 0.613055 0.621956 0.060041 0.0773168 0.562518
