1 0.076167 0.560255 0.151057 0.708036 0.89562
0 0.615795 0.62969 0.135377 0.28379 0.892872
1 0.688598 0.607994 0.0863833 0.101356 0.801793
0 0.343714 0.629573 0.0944504 0.288062 0.797302
1 0.81709 0.607264 0.0626826 0.0909854 0.791183
1 0.582587 0.608607 0.0422598 0.0621049 0.753894
0 0.746671 0.625657 0.0988967 0.306439 0.751777
0 0.250217 0.658782 0.0920473 0.246101 0.729363
0 0.147603 0.610676 0.132405 0.404257 0.728461
0 0.899713 0.61567 0.09988 0.390099 0.706336
2 0.40342 0.610569 0.0364356 0.0720193 0.69437
0 0.779982 0.618777 0.0938761 0.297737 0.63161
1 0.968354 0.614047 0.0608083 0.107008 0.621316
2 0.229123 0.621014 0.0744425 0.161234 0.526292
