1 0.856457 0.611289 0.285535 0.213519 0.908234
1 0.0861327 0.600976 0.168807 0.115662 0.907466
0 0.231601 0.623758 0.0996471 0.345514 0.828677
0 0.359482 0.595736 0.122037 0.381407 0.808509
1 0.942052 0.730122 0.115895 0.279964 0.766067
1 0.806518 0.600032 0.287742 0.151473 0.73634
1 0.291078 0.601207 0.0460957 0.0845186 0.732153
1 0.890919 0.649641 0.21658 0.300782 0.682035
1 0.589664 0.599323 0.0388506 0.0536219 0.595564
0 0.508465 0.601227 0.0216534 0.0713697 0.588117
0 0.426756 0.596685 0.01967 0.0562148 0.512466
0 0.48275 0.59814 0.018698 0.0680788 0.504096
