1 0.747366 0.594205 0.0662503 0.0808074 0.910599
1 0.603984 0.583547 0.112202 0.133517 0.904132
1 0.47053 0.582718 0.195025 0.146907 0.889429
1 0.694194 0.592712 0.0901256 0.0914708 0.884773
1 0.83704 0.598276 0.0318693 0.0565559 0.862184
1 0.679408 0.608431 0.055313 0.0734443 0.860212
1 0.805601 0.596341 0.0549442 0.0617511 0.829795
1 0.779102 0.594613 0.0284367 0.0676383 0.730372
1 0.923108 0.601786 0.0322062 0.0475258 0.700459
2 0.948502 0.613552 0.0375518 0.107778 0.638594
2 0.875659 0.605758 0.0326526 0.0472024 0.625849
