1 0.604037 0.583199 0.110093 0.135138 0.954275
1 0.470519 0.581633 0.197206 0.146391 0.953654
1 0.748619 0.595275 0.0568357 0.0843811 0.882425
1 0.676127 0.609462 0.0503976 0.079027 0.828678
1 0.931299 0.603684 0.0466377 0.051487 0.822536
1 0.958158 0.608097 0.0234423 0.0407494 0.814558
1 0.776209 0.59688 0.0331067 0.0633682 0.789366
1 0.693795 0.594602 0.0927585 0.0967185 0.754996
0 0.82629 0.604251 0.0417602 0.148513 0.748301
1 0.797449 0.596611 0.0341058 0.061281 0.701684
0 0.710059 0.590948 0.0423832 0.118263 0.692381
