1 0.0697503 0.53828 0.138619 0.811771 0.925937
1 0.744058 0.600647 0.129877 0.0969529 0.891649
1 0.394544 0.595949 0.106303 0.115091 0.876261
1 0.864878 0.599076 0.110759 0.0936104 0.873427
0 0.962338 0.623961 0.0746725 0.313231 0.839487
0 0.485162 0.613514 0.146547 0.414113 0.830461
1 0.628099 0.591094 0.058288 0.0543354 0.815933
0 0.305972 0.604264 0.105077 0.367717 0.781025
4 0.596086 0.569603 0.0466294 0.0660368 0.725715
4 0.401733 0.554679 0.0942668 0.164169 0.580502
1 0.807088 0.595811 0.0452879 0.0705443 0.535537
