1 0.0700034 0.539289 0.138299 0.815991 0.929641
0 0.462113 0.589729 0.120483 0.443963 0.8708
1 0.809601 0.595115 0.0929761 0.0882556 0.854114
1 0.38386 0.602525 0.0909244 0.116487 0.844821
2 0.63091 0.59469 0.0287251 0.0724717 0.823618
1 0.673959 0.590416 0.0448394 0.0390329 0.807515
0 0.23046 0.599241 0.0770808 0.152819 0.797045
2 0.294935 0.597122 0.0273106 0.0737247 0.778719
1 0.213688 0.603795 0.120098 0.105527 0.752876
2 0.741938 0.599231 0.0405343 0.0799056 0.728225
0 0.925624 0.599821 0.0246605 0.094251 0.515705
