1 0.0776274 0.548294 0.154595 0.71995 0.917262
1 0.830897 0.604318 0.107572 0.0940954 0.877502
2 0.950696 0.623228 0.0986072 0.244065 0.835495
2 0.652403 0.621792 0.0810332 0.182347 0.775065
2 0.189521 0.617586 0.053046 0.122199 0.74858
2 0.156218 0.623173 0.0505719 0.134719 0.732736
0 0.533383 0.625902 0.0959966 0.313075 0.718735
0 0.752837 0.619991 0.107619 0.31341 0.715746
0 0.322469 0.608363 0.135434 0.390335 0.710254
0 0.587058 0.619064 0.0923128 0.325676 0.707887
2 0.229485 0.611248 0.0237172 0.0648686 0.605135
0 0.35038 0.615806 0.0903547 0.367403 0.57495
