1 0.0775125 0.55606 0.154007 0.717055 0.891932
0 0.64104 0.611724 0.0948242 0.284403 0.876281
1 0.813611 0.609808 0.106186 0.0811221 0.827376
2 0.329823 0.60968 0.0269364 0.0645456 0.805419
0 0.558576 0.609281 0.0857913 0.296311 0.800065
0 0.12712 0.597195 0.0779696 0.375367 0.681404
1 0.756485 0.606048 0.0532618 0.0691118 0.674952
2 0.26926 0.609745 0.0245576 0.0636575 0.665596
2 0.826124 0.611136 0.0479612 0.0959268 0.649167
0 0.711665 0.604558 0.0227869 0.0671638 0.597407
2 0.156335 0.623242 0.0308099 0.109522 0.583046
1 0.742862 0.603205 0.0677286 0.0683574 0.542595
