0 0.230889 0.628055 0.118018 0.39261 0.843972
0 0.868123 0.625922 0.052739 0.240025 0.832457
0 0.0651822 0.639239 0.124976 0.301702 0.828048
0 0.405184 0.614845 0.129069 0.407199 0.825696
0 0.802493 0.605152 0.0915434 0.287501 0.78351
0 0.570704 0.610349 0.0395336 0.126158 0.756189
0 0.915922 0.623347 0.068103 0.23925 0.739715
0 0.985708 0.592598 0.0263195 0.105417 0.646496
0 0.663732 0.606782 0.0471163 0.137445 0.594634
0 0.646937 0.613916 0.0448014 0.117507 0.586681
0 0.711313 0.603946 0.039906 0.126085 0.567607
