1 0.0773848 0.559792 0.154103 0.702443 0.915059
0 0.730381 0.611811 0.16732 0.375304 0.909026
0 0.588341 0.613564 0.14385 0.344936 0.906279
2 0.199299 0.620579 0.0472317 0.125829 0.833618
0 0.799318 0.614467 0.0580511 0.130587 0.755518
0 0.256774 0.618809 0.0436271 0.124824 0.743329
0 0.919317 0.611457 0.0543098 0.135589 0.708694
0 0.405031 0.622615 0.13057 0.305438 0.703587
1 0.671053 0.60388 0.0499148 0.0697342 0.67036
0 0.447232 0.618902 0.134094 0.313112 0.63777
0 0.147914 0.622079 0.0367399 0.147508 0.620118
