1 0.07672 0.563121 0.15344 0.700185 0.905396
1 0.84791 0.61489 0.130611 0.0937912 0.870919
1 0.346042 0.613367 0.106493 0.114162 0.868264
1 0.751967 0.606379 0.0718819 0.0710088 0.858381
2 0.219946 0.620137 0.0463542 0.106327 0.81912
0 0.874423 0.614824 0.063413 0.137228 0.803355
0 0.143747 0.605625 0.0958505 0.410865 0.786089
0 0.473518 0.619064 0.0665614 0.132299 0.769315
1 0.601261 0.605888 0.0403252 0.0381715 0.717992
0 0.971657 0.621858 0.0565383 0.318671 0.709706
1 0.63317 0.605797 0.0382071 0.0390882 0.694795
0 0.28682 0.622918 0.064309 0.130167 0.686338
0 0.947889 0.611794 0.0426326 0.134325 0.656436
