1 0.604233 0.582299 0.111995 0.134955 0.947094
1 0.746448 0.594348 0.0659252 0.08209 0.939887
1 0.470327 0.580618 0.198218 0.146536 0.927578
1 0.680482 0.608033 0.0542731 0.0780298 0.892663
1 0.693266 0.593113 0.0939801 0.0980785 0.890719
2 0.935896 0.614201 0.0411202 0.107647 0.86847
1 0.836665 0.598032 0.0303839 0.0567117 0.866972
1 0.805879 0.596719 0.0536275 0.0605083 0.838524
1 0.778818 0.595018 0.0319251 0.0673816 0.82784
5 0.876204 0.602669 0.0346993 0.0476109 0.736299
1 0.914523 0.604597 0.0196951 0.043578 0.579947
