2 0.757973 0.627201 0.185566 0.446466 0.935653
1 0.0697133 0.539301 0.138534 0.816878 0.923438
0 0.500314 0.599785 0.141592 0.320913 0.897872
1 0.418859 0.601009 0.113708 0.108441 0.864202
1 0.937239 0.600764 0.11423 0.113325 0.862304
2 0.210188 0.605897 0.0550132 0.114788 0.839746
2 0.155249 0.605691 0.048211 0.114725 0.838526
0 0.621857 0.599483 0.134048 0.486749 0.811414
1 0.357325 0.59992 0.0454859 0.0860953 0.795391
1 0.79433 0.612706 0.205948 0.127168 0.70856
2 0.270691 0.598116 0.0350924 0.0698829 0.683838
1 0.695067 0.613756 0.0686919 0.0997671 0.653253
