1 0.0705771 0.532375 0.139795 0.807122 0.926453
0 0.580736 0.604414 0.0924287 0.256417 0.874071
0 0.198998 0.600848 0.140507 0.326682 0.869577
2 0.421207 0.604926 0.240856 0.27655 0.847334
0 0.690083 0.596735 0.124096 0.391722 0.797478
1 0.780705 0.593646 0.058545 0.0753617 0.766789
0 0.348306 0.59945 0.105645 0.358573 0.759476
4 0.41436 0.530491 0.143742 0.211166 0.730767
0 0.884069 0.604216 0.054463 0.135524 0.704686
2 0.819292 0.597258 0.0558036 0.0942444 0.683737
1 0.65407 0.602909 0.038727 0.0681893 0.681041
1 0.890904 0.599649 0.122657 0.0962965 0.653745
0 0.970422 0.600996 0.058135 0.144288 0.600366
1 0.630564 0.592593 0.0372704 0.0603311 0.557598
