1 0.854652 0.612652 0.287122 0.207697 0.920419
1 0.0864744 0.602651 0.169784 0.115535 0.882027
1 0.391558 0.599259 0.0595372 0.0610589 0.87021
1 0.282521 0.601437 0.0737767 0.0873455 0.800276
1 0.941582 0.723718 0.116577 0.293845 0.79749
1 0.433381 0.594287 0.0368783 0.0462165 0.78973
0 0.467065 0.596817 0.0549938 0.177585 0.766387
0 0.236761 0.599665 0.0471057 0.150259 0.763411
1 0.808372 0.598017 0.284517 0.164234 0.762588
0 0.567189 0.601389 0.0530812 0.171308 0.727908
1 0.89082 0.651324 0.218359 0.314875 0.681936
1 0.258835 0.600445 0.124357 0.0904676 0.58022
1 0.596476 0.604172 0.0239301 0.048632 0.500041
