1 0.0776391 0.555958 0.153611 0.717295 0.899535
1 0.814355 0.61062 0.103508 0.0810242 0.857734
2 0.376409 0.630148 0.190027 0.213663 0.826513
2 0.211304 0.616084 0.0285513 0.074244 0.799492
0 0.617575 0.609241 0.0897292 0.297217 0.747456
2 0.166452 0.622485 0.0456254 0.110787 0.741499
1 0.686352 0.606344 0.044277 0.0474092 0.729019
0 0.555243 0.608946 0.0771322 0.29229 0.7193
1 0.738477 0.602054 0.0665298 0.0659528 0.70995
0 0.125686 0.602962 0.0801238 0.374683 0.693785
1 0.757982 0.607136 0.0523806 0.0707805 0.617837
