1 0.0703477 0.536199 0.139738 0.812381 0.930802
1 0.217503 0.609576 0.127172 0.109767 0.879737
0 0.802613 0.604249 0.167109 0.499355 0.865669
1 0.686458 0.594316 0.0616863 0.0492626 0.820375
0 0.455214 0.614826 0.101901 0.2928 0.818282
0 0.345851 0.62198 0.0958103 0.32619 0.772913
1 0.74459 0.5943 0.0486836 0.0583833 0.764545
4 0.381227 0.539559 0.154885 0.195187 0.725378
0 0.531774 0.664779 0.082757 0.210074 0.714077
1 0.277369 0.601195 0.0466031 0.0907173 0.601096
1 0.770253 0.593417 0.0371809 0.0653185 0.571339
0 0.377413 0.611349 0.0878556 0.322117 0.552184
