1 0.0700605 0.529926 0.139436 0.82142 0.912724
1 0.771412 0.588958 0.113852 0.0872853 0.891676
0 0.414222 0.599724 0.13137 0.352346 0.865541
0 0.137894 0.583636 0.107313 0.433256 0.856451
2 0.66025 0.592012 0.0382854 0.0775453 0.830479
2 0.573882 0.593118 0.106421 0.155654 0.826645
0 0.930305 0.597333 0.0635852 0.150268 0.781232
0 0.47284 0.600247 0.0420394 0.130804 0.775171
0 0.340544 0.587258 0.110353 0.397864 0.75829
0 0.276266 0.602858 0.0532668 0.135779 0.712859
1 0.206179 0.605577 0.072096 0.113528 0.698711
2 0.891937 0.599068 0.0732436 0.128997 0.694588
4 0.411127 0.541033 0.117092 0.207295 0.649823
1 0.931532 0.598284 0.125772 0.096993 0.617494
1 0.956922 0.599843 0.0803787 0.10165 0.524638
