1 0.746702 0.595006 0.0628521 0.0830376 0.906716
1 0.680215 0.609436 0.0526072 0.0766862 0.879562
1 0.604459 0.584128 0.111764 0.133145 0.879465
1 0.470789 0.585022 0.196045 0.148702 0.846968
2 0.866168 0.622864 0.0733132 0.186645 0.841463
1 0.805312 0.59764 0.048511 0.0612192 0.829338
1 0.930383 0.604677 0.0402079 0.0508666 0.823399
1 0.971572 0.606393 0.0543848 0.0580125 0.81579
1 0.778637 0.596919 0.0327139 0.0632212 0.805923
1 0.696158 0.595097 0.0872128 0.0912452 0.796346
0 0.463304 0.576959 0.0646718 0.211334 0.785365
2 0.610233 0.592957 0.0514831 0.14015 0.676221
2 0.62682 0.589914 0.0443785 0.153502 0.611585
