1 0.0704304 0.538108 0.140137 0.81163 0.920975
0 0.950072 0.598831 0.0998562 0.459179 0.836779
1 0.849373 0.596712 0.0812802 0.0916234 0.819104
0 0.346092 0.623639 0.182596 0.537609 0.801484
1 0.678909 0.593183 0.046273 0.0460351 0.783328
0 0.444977 0.594112 0.0559339 0.148713 0.748182
0 0.782952 0.595148 0.0303624 0.0969225 0.724973
0 0.161031 0.670061 0.0735043 0.341852 0.715154
2 0.741266 0.598637 0.075422 0.119547 0.703423
1 0.891403 0.605126 0.0658362 0.10138 0.617258
0 0.205757 0.671044 0.102064 0.363497 0.615202
1 0.789434 0.594633 0.0706696 0.0697954 0.526535
