1 0.070595 0.532875 0.14003 0.80891 0.931418
1 0.754497 0.606712 0.199022 0.109489 0.907092
1 0.892625 0.604387 0.135931 0.110017 0.889874
2 0.186724 0.603701 0.0556379 0.128039 0.839996
2 0.261951 0.599118 0.0351064 0.0904208 0.834677
0 0.339806 0.609978 0.140305 0.505524 0.80673
4 0.373172 0.539799 0.20947 0.212277 0.805286
2 0.633352 0.596414 0.0273442 0.0643862 0.760517
1 0.98318 0.61151 0.0336398 0.0981416 0.65117
4 0.420717 0.540166 0.112388 0.211562 0.617167
2 0.221538 0.598181 0.0364441 0.0887824 0.57588
