1 0.603012 0.587915 0.112305 0.134099 0.951233
1 0.469598 0.585305 0.196464 0.147643 0.941259
1 0.745104 0.598313 0.0627254 0.0820499 0.922341
1 0.679969 0.612648 0.0538751 0.0767258 0.895333
1 0.692289 0.597868 0.0928671 0.094909 0.89235
1 0.836 0.602874 0.0298306 0.0556074 0.855383
1 0.777458 0.599579 0.0319259 0.0638537 0.820973
1 0.804955 0.600373 0.0543434 0.0630004 0.82068
1 0.929572 0.606773 0.0462132 0.0505536 0.793945
2 0.982148 0.614827 0.0271503 0.0679969 0.743148
1 0.956229 0.609617 0.0225523 0.0392754 0.631327
