1 0.0700255 0.53768 0.138708 0.812018 0.929869
0 0.468579 0.596281 0.123857 0.428674 0.891163
2 0.211767 0.602118 0.036983 0.0859746 0.879495
1 0.797483 0.599661 0.0807035 0.0704703 0.868423
1 0.746345 0.59545 0.0556639 0.0581402 0.842799
2 0.366049 0.597019 0.0341148 0.0857615 0.807938
2 0.324701 0.594541 0.023446 0.0620251 0.807271
2 0.295755 0.593347 0.0301225 0.0685561 0.795474
2 0.673313 0.596734 0.0241065 0.0563347 0.716682
2 0.143802 0.605885 0.0371262 0.103272 0.700442
0 0.903776 0.585608 0.0247626 0.0862699 0.527303
