4 0.564855 0.587736 0.296189 0.196068 0.903151
1 0.82271 0.62828 0.0856724 0.0700799 0.891856
2 0.196469 0.640589 0.0833334 0.119854 0.883799
1 0.912554 0.635874 0.0979838 0.0887979 0.87828
4 0.955897 0.577701 0.0882057 0.159963 0.834805
2 0.313499 0.641953 0.0620329 0.102293 0.830658
2 0.0548851 0.642761 0.102848 0.126259 0.820746
0 0.967011 0.62847 0.0297977 0.0966436 0.783401
1 0.722942 0.638361 0.111723 0.113573 0.717189
0 0.647728 0.638498 0.0494983 0.139793 0.71467
2 0.405727 0.636248 0.0430524 0.11056 0.705405
