0 0.17228 0.600556 0.0754288 0.279997 0.863886
0 0.64842 0.647392 0.319384 0.704028 0.853267
1 0.451345 0.606361 0.0652088 0.0675278 0.841997
0 0.104389 0.617252 0.0835884 0.246504 0.821344
4 0.204178 0.557793 0.150268 0.196704 0.815295
1 0.859688 0.616076 0.123965 0.122601 0.81318
1 0.0386605 0.479642 0.0760882 0.746631 0.761783
1 0.501562 0.609304 0.0523846 0.102554 0.75992
0 0.963214 0.598079 0.0269027 0.095391 0.521758
1 0.803898 0.616896 0.0721219 0.123986 0.505717
2 0.415407 0.602022 0.0303786 0.0786731 0.501393
