1 0.0704719 0.536997 0.140209 0.811836 0.938516
1 0.216696 0.603086 0.129391 0.107491 0.893894
1 0.675283 0.597439 0.0837412 0.0747305 0.886933
1 0.372417 0.600736 0.0821298 0.0945498 0.863039
2 0.559576 0.598463 0.11172 0.156316 0.855934
0 0.949843 0.59983 0.0995074 0.46074 0.855278
1 0.785602 0.595883 0.0764759 0.0749675 0.851664
1 0.295375 0.595008 0.0682198 0.0873433 0.843362
1 0.893446 0.6028 0.0704809 0.10246 0.757669
0 0.435909 0.598679 0.138221 0.320407 0.744271
1 0.72764 0.592414 0.0402426 0.0473598 0.739546
0 0.841137 0.598959 0.035212 0.11335 0.709989
4 0.387661 0.545657 0.105208 0.158761 0.698087
0 0.478544 0.595808 0.0971267 0.32066 0.619868
1 0.618931 0.588048 0.0355786 0.0333981 0.554142
2 0.144079 0.603522 0.0415257 0.108939 0.525196
1 0.850782 0.59732 0.0886517 0.0922912 0.513642
