1 0.604071 0.583894 0.111801 0.135305 0.944098
1 0.746347 0.595734 0.0626338 0.0819145 0.929703
1 0.471787 0.581599 0.195767 0.146734 0.921086
1 0.694064 0.594891 0.0924079 0.0963033 0.89904
1 0.680946 0.609469 0.0552335 0.0786026 0.897239
1 0.837034 0.599585 0.027797 0.0563874 0.877338
1 0.777495 0.596711 0.0322335 0.0653369 0.85762
1 0.807517 0.597924 0.0551066 0.0622618 0.843451
1 0.931098 0.604124 0.0459406 0.0502502 0.81612
0 0.153759 0.5 0.307518 1 0.800514
1 0.958302 0.608723 0.0232261 0.0419533 0.704506
