5 0.29892 0.634435 0.102409 0.158516 0.919839
1 0.800619 0.642645 0.157891 0.122896 0.889639
4 0.899259 0.58715 0.200645 0.169322 0.888587
1 0.705898 0.637035 0.0815237 0.0765331 0.874911
2 0.192082 0.64246 0.0753032 0.114838 0.83529
1 0.54682 0.630347 0.120133 0.106842 0.818811
2 0.624242 0.646967 0.0843353 0.166922 0.762786
2 0.381222 0.642848 0.0518147 0.0990148 0.742385
2 0.472301 0.639659 0.0474508 0.0903893 0.731353
0 0.16647 0.62888 0.0297809 0.121339 0.687718
0 0.13839 0.631437 0.035623 0.11573 0.635157
0 0.0480232 0.631566 0.0366043 0.122157 0.629055
0 0.0625255 0.630038 0.0309534 0.103812 0.609452
