1 0.0765658 0.557389 0.153132 0.705056 0.905335
1 0.626957 0.610092 0.0816218 0.0713119 0.880582
2 0.910531 0.620606 0.171669 0.231562 0.820721
1 0.748464 0.603245 0.068208 0.0673632 0.804848
0 0.310992 0.619692 0.101364 0.266352 0.780094
1 0.685064 0.606025 0.0456119 0.0514745 0.770462
2 0.145865 0.621927 0.0317063 0.0988284 0.764562
2 0.186083 0.616276 0.0435511 0.0882517 0.742669
0 0.26287 0.622932 0.0842299 0.268149 0.733497
1 0.844096 0.606871 0.098554 0.0977228 0.620709
1 0.576282 0.602372 0.0314816 0.0343116 0.530858
