1 0.470933 0.580938 0.196845 0.147651 0.950523
1 0.748423 0.593625 0.0620322 0.0811817 0.933317
1 0.605529 0.583143 0.114786 0.136248 0.894737
1 0.806765 0.596042 0.0540859 0.062145 0.859598
0 0.632152 0.589594 0.0480635 0.139754 0.841447
1 0.950879 0.609398 0.0656109 0.0618875 0.841134
1 0.778718 0.594542 0.0325794 0.0661936 0.835343
1 0.837676 0.597958 0.0303521 0.0575584 0.820176
0 0.681832 0.599217 0.0474709 0.132416 0.742684
1 0.982891 0.603555 0.0342187 0.0612794 0.681206
1 0.69886 0.592339 0.083144 0.0943253 0.576012
