1 0.471105 0.582785 0.1997 0.147534 0.948274
1 0.602672 0.580855 0.106374 0.128155 0.905032
1 0.747019 0.595137 0.0629306 0.082231 0.900199
1 0.680422 0.610017 0.0530908 0.0770181 0.88953
2 0.601475 0.590772 0.0602136 0.170869 0.889183
1 0.969226 0.608353 0.0615479 0.0731184 0.872483
1 0.695023 0.594771 0.090013 0.0935738 0.869415
1 0.80751 0.597116 0.0520067 0.0613172 0.848808
1 0.836739 0.598985 0.0304389 0.0564803 0.846033
1 0.929069 0.604468 0.0384366 0.0495797 0.841502
1 0.777735 0.596266 0.0320636 0.0647252 0.81607
5 0.87243 0.601319 0.0458692 0.0525022 0.606408
