2 0.776711 0.634 0.207544 0.46777 0.941735
1 0.0700722 0.537466 0.139007 0.815244 0.922153
1 0.411299 0.601142 0.0963332 0.106722 0.864809
0 0.513469 0.596333 0.16565 0.472875 0.857282
1 0.915359 0.600379 0.105548 0.109614 0.854514
1 0.357018 0.599997 0.0466442 0.0869174 0.824197
1 0.663865 0.598696 0.0731153 0.0774679 0.816276
2 0.142546 0.648937 0.0792551 0.255275 0.809875
2 0.31531 0.594683 0.0241299 0.0525241 0.775908
1 0.620845 0.592184 0.0403606 0.0494745 0.682622
1 0.716921 0.605283 0.0663613 0.084452 0.609717
