1 0.070477 0.532315 0.139752 0.808241 0.92678
1 0.885023 0.603631 0.142855 0.104802 0.895442
1 0.964354 0.600799 0.0704498 0.125538 0.832854
1 0.785465 0.591989 0.0697114 0.0705498 0.831485
2 0.344091 0.593404 0.0240284 0.0601678 0.831004
2 0.220381 0.603118 0.0638016 0.155416 0.819735
0 0.535226 0.610461 0.111676 0.413932 0.797074
2 0.267143 0.60001 0.0424336 0.112939 0.796473
1 0.463594 0.588117 0.05102 0.0507718 0.795912
2 0.366303 0.592095 0.0208344 0.0566229 0.72491
1 0.828219 0.593735 0.0547988 0.077177 0.723778
1 0.613884 0.58788 0.0418085 0.0444453 0.717487
2 0.143906 0.604667 0.0385913 0.109353 0.704594
