1 0.604656 0.582344 0.111172 0.133227 0.938516
1 0.746905 0.59276 0.0654113 0.083071 0.933902
1 0.694182 0.592087 0.091371 0.0967717 0.900241
1 0.680631 0.606717 0.0542626 0.0783024 0.8862
1 0.471462 0.577952 0.191776 0.152051 0.875812
1 0.900023 0.603572 0.0668602 0.0673057 0.864102
1 0.836899 0.597411 0.0314123 0.0556749 0.843974
1 0.807181 0.594925 0.0538971 0.0625901 0.841572
1 0.984852 0.60546 0.0302964 0.0525737 0.773972
1 0.778659 0.59318 0.033303 0.0680848 0.7683
0 0.50319 0.582712 0.0774674 0.223683 0.763588
1 0.940231 0.602179 0.0298014 0.0491682 0.755712
1 0.960964 0.605512 0.0243184 0.0438584 0.591223
