1 0.588632 0.574639 0.143748 0.112118 0.925047
1 0.506122 0.571178 0.0673089 0.0949091 0.824535
1 0.386999 0.57576 0.12628 0.136267 0.803515
2 0.393991 0.587479 0.108726 0.14777 0.790214
4 0.447975 0.525284 0.136733 0.138289 0.787201
1 0.481496 0.565523 0.0586331 0.0896837 0.676841
1 0.277277 0.564014 0.028298 0.0590191 0.667832
0 0.0658132 0.567383 0.042789 0.159256 0.641897
0 0.0126358 0.575359 0.0246046 0.172363 0.603801
1 0.781145 0.558623 0.0813722 0.0828744 0.555082
1 0.300695 0.569243 0.0403197 0.0742245 0.528866
0 0.879242 0.559583 0.0228881 0.0748941 0.512195
