4 0.16384 0.534395 0.178413 0.226773 0.900083
2 0.0411333 0.595234 0.0818163 0.163722 0.82611
0 0.270214 0.588595 0.0531253 0.144811 0.817421
1 0.379129 0.582943 0.0384419 0.0377703 0.801578
0 0.731349 0.588906 0.0563836 0.136577 0.748131
0 0.50045 0.580611 0.0380118 0.147136 0.72458
0 0.108522 0.598332 0.0515574 0.151487 0.701695
0 0.149132 0.593205 0.0604055 0.143569 0.669691
0 0.626656 0.590438 0.0564884 0.134394 0.669196
0 0.675224 0.589425 0.0504038 0.142993 0.647039
2 0.914178 0.590124 0.156061 0.201022 0.567257
0 0.845766 0.595594 0.054947 0.118786 0.557591
2 0.45835 0.583575 0.0261013 0.0634141 0.549642
