4 0.358263 0.559912 0.168505 0.211009 0.906498
1 0.076125 0.544524 0.152096 0.719582 0.901015
2 0.905138 0.606187 0.169897 0.190546 0.893837
1 0.76658 0.610821 0.102167 0.109141 0.82895
1 0.962838 0.608336 0.0737999 0.117803 0.785494
0 0.677873 0.605997 0.0574179 0.150294 0.781782
0 0.387579 0.610455 0.0403957 0.137961 0.751683
4 0.65939 0.535973 0.171927 0.13104 0.749337
0 0.198279 0.616999 0.10114 0.306831 0.744314
0 0.602446 0.612439 0.038403 0.139629 0.68908
0 0.489325 0.612345 0.0398915 0.139153 0.660901
0 0.643685 0.607583 0.047133 0.142565 0.642846
0 0.284641 0.617563 0.0471532 0.139715 0.617531
0 0.232449 0.610997 0.0488533 0.149127 0.59809
