1 0.120158 0.448431 0.238696 0.853788 0.956637
0 0.720876 0.582857 0.11345 0.39877 0.893574
2 0.258948 0.592273 0.0432504 0.100395 0.877181
4 0.454339 0.558367 0.0633713 0.0846535 0.87016
1 0.788188 0.586099 0.0607126 0.0665187 0.830674
2 0.902985 0.583486 0.0445385 0.109535 0.822429
2 0.647742 0.58201 0.0251606 0.0458225 0.711304
0 0.960271 0.573861 0.0234537 0.0995128 0.636837
0 0.985232 0.574332 0.028964 0.112514 0.575426
2 0.380307 0.578587 0.0174243 0.0422242 0.555915
0 0.90463 0.581303 0.0389677 0.110339 0.514738
0 0.976125 0.573693 0.0276216 0.104851 0.507532
