1 0.0792556 0.538504 0.156973 0.733734 0.905259
0 0.437782 0.616036 0.105269 0.289017 0.887819
1 0.242344 0.627451 0.240153 0.234244 0.881937
0 0.795244 0.626652 0.11196 0.316975 0.849816
1 0.862589 0.609829 0.27378 0.23819 0.833851
0 0.307194 0.620612 0.125316 0.313915 0.81624
0 0.642599 0.623587 0.0908351 0.304309 0.799606
1 0.919897 0.608695 0.157608 0.234925 0.788284
0 0.591963 0.632649 0.0619762 0.270526 0.781997
1 0.706565 0.599904 0.0493853 0.0607927 0.590267
1 0.791264 0.637672 0.160141 0.156877 0.537535
