1 0.672112 0.598573 0.285565 0.152413 0.911484
1 0.476478 0.592832 0.111157 0.0990023 0.890219
4 0.129711 0.535365 0.136405 0.225163 0.84612
1 0.412269 0.587067 0.0482513 0.0593722 0.805839
0 0.866816 0.57551 0.0280206 0.0849672 0.765479
2 0.0634314 0.596644 0.0328705 0.0848253 0.733545
0 0.903296 0.570419 0.025912 0.0998352 0.70066
1 0.376447 0.581692 0.0396517 0.0425811 0.698272
0 0.211624 0.586992 0.101537 0.347027 0.69641
0 0.259825 0.5806 0.101948 0.306982 0.643264
0 0.818471 0.576506 0.0272103 0.092068 0.605371
