4 0.36396 0.557142 0.162067 0.204732 0.958302
1 0.0760073 0.547644 0.151662 0.724494 0.907738
2 0.615887 0.614094 0.150534 0.223613 0.891768
2 0.858209 0.611126 0.0894012 0.129121 0.89097
1 0.747393 0.601483 0.0729741 0.068884 0.842116
2 0.15537 0.620767 0.0584434 0.161135 0.797977
0 0.443891 0.608733 0.0633845 0.151458 0.714144
0 0.967051 0.646312 0.0654944 0.377381 0.687411
0 0.254165 0.614645 0.102601 0.317464 0.627026
0 0.268635 0.61488 0.0877508 0.298048 0.579075
2 0.699687 0.600101 0.030355 0.0614617 0.515614
1 0.661778 0.607586 0.0508312 0.05023 0.510722
