1 0.470645 0.582505 0.201514 0.146924 0.924092
1 0.746643 0.595388 0.0631628 0.0822594 0.912967
1 0.679801 0.609427 0.0543532 0.0790303 0.898606
1 0.837003 0.599096 0.0295399 0.0571106 0.893515
1 0.694227 0.594874 0.0907807 0.0939184 0.862012
1 0.807125 0.597512 0.0517357 0.0613182 0.854536
1 0.605648 0.585992 0.10818 0.130443 0.850619
1 0.958097 0.607535 0.0625918 0.0636998 0.838075
1 0.777797 0.596442 0.0311887 0.0644994 0.827815
1 0.92267 0.602717 0.0293097 0.0454317 0.775479
2 0.579371 0.582019 0.0562233 0.191894 0.727032
