1 0.12023 0.446995 0.239717 0.857069 0.95601
1 0.801406 0.591129 0.151458 0.101223 0.9009
0 0.535526 0.582015 0.108811 0.378434 0.880511
1 0.62491 0.584759 0.0634726 0.0533288 0.818379
2 0.260659 0.587531 0.0329015 0.0747558 0.815848
2 0.227308 0.587626 0.0317858 0.086606 0.729143
0 0.956214 0.575504 0.0220665 0.0926996 0.700194
2 0.693849 0.585168 0.0340519 0.0664365 0.671136
0 0.978301 0.57254 0.0248181 0.102437 0.59875
2 0.376777 0.577771 0.0187686 0.0435807 0.557306
0 0.98614 0.572272 0.0264481 0.102375 0.504294
