2 0.182896 0.677892 0.241911 0.467273 0.982304
1 0.53129 0.643464 0.137408 0.0944595 0.901931
1 0.811813 0.643939 0.196239 0.125562 0.892521
1 0.650256 0.642318 0.149704 0.10025 0.867957
4 0.955561 0.575348 0.0888786 0.153725 0.85636
1 0.91787 0.634233 0.0827248 0.0863867 0.825082
0 0.433689 0.627578 0.0229295 0.0751176 0.78864
4 0.882152 0.575419 0.0712507 0.0677921 0.762896
1 0.720732 0.634398 0.0636728 0.0942894 0.74371
0 0.0171211 0.627497 0.0325164 0.128198 0.637411
0 0.0742083 0.629537 0.0296371 0.121256 0.606637
1 0.980787 0.650251 0.0379723 0.14501 0.589719
0 0.0522771 0.629819 0.0243556 0.116701 0.545538
