1 0.597757 0.570515 0.152292 0.11967 0.922273
1 0.469984 0.564695 0.0438495 0.0788372 0.892672
1 0.384807 0.573493 0.124076 0.126664 0.878095
1 0.510095 0.564283 0.0721039 0.0929332 0.860735
0 0.0390581 0.546778 0.030605 0.130794 0.701146
1 0.440338 0.563762 0.0372362 0.0676273 0.664272
1 0.282678 0.561618 0.0338104 0.0532427 0.640006
1 0.420329 0.521901 0.0839466 0.0636244 0.564971
0 0.0604751 0.555666 0.039174 0.140758 0.561129
1 0.319019 0.566701 0.0349331 0.0769297 0.544725
0 0.926347 0.55867 0.0225759 0.0783255 0.500237
