1 0.0777507 0.551917 0.154946 0.713124 0.910022
4 0.428329 0.549775 0.252533 0.264413 0.861369
2 0.779497 0.615522 0.134649 0.170003 0.834894
2 0.199073 0.623859 0.0726602 0.156404 0.826316
0 0.46462 0.605768 0.0886248 0.346467 0.820392
0 0.28366 0.670241 0.0887047 0.192584 0.817691
1 0.852888 0.611382 0.113939 0.103184 0.746074
2 0.967483 0.619676 0.0643957 0.150541 0.720596
1 0.585451 0.59929 0.0475413 0.057552 0.688531
2 0.149053 0.621978 0.0413067 0.125636 0.687291
0 0.390834 0.611771 0.106894 0.303318 0.614845
1 0.716105 0.612297 0.0567319 0.074511 0.589978
2 0.640788 0.613245 0.0810968 0.111175 0.582155
