4 0.355002 0.559357 0.173107 0.217489 0.915883
1 0.0768827 0.548718 0.153639 0.711749 0.901004
0 0.17817 0.623968 0.0920535 0.265249 0.807068
0 0.351034 0.616208 0.070627 0.124165 0.753226
2 0.431798 0.619083 0.060087 0.135665 0.738907
4 0.624994 0.560642 0.105477 0.136744 0.729272
0 0.533064 0.605908 0.0555256 0.155136 0.682408
0 0.775732 0.642331 0.201642 0.670526 0.638015
2 0.490555 0.613814 0.0559279 0.127736 0.560652
1 0.621902 0.604874 0.0720716 0.115304 0.526954
0 0.729592 0.630372 0.192597 0.64991 0.507149
