2 0.75939 0.627301 0.188567 0.449246 0.942655
1 0.0699815 0.537017 0.138839 0.811114 0.931831
1 0.419993 0.60203 0.117427 0.107991 0.907208
1 0.928923 0.598849 0.140758 0.171196 0.873308
0 0.627822 0.599781 0.138952 0.487166 0.832473
2 0.156436 0.606463 0.0500932 0.114819 0.82877
1 0.357249 0.599711 0.0448467 0.0865726 0.792173
2 0.231446 0.599479 0.0355562 0.0865293 0.750375
2 0.28273 0.59235 0.0299084 0.0701401 0.705701
1 0.688334 0.599718 0.0590839 0.0885133 0.554097
1 0.836213 0.585103 0.0405252 0.0636802 0.51438
