1 0.0775749 0.542285 0.154192 0.728496 0.910343
2 0.881255 0.607246 0.0662239 0.1229 0.860935
2 0.462763 0.605303 0.175453 0.295116 0.858402
2 0.76276 0.605188 0.0581119 0.115563 0.845072
1 0.696907 0.607945 0.074066 0.0705692 0.834778
1 0.602448 0.606054 0.0807528 0.0761718 0.834327
1 0.655702 0.603638 0.0404491 0.0475389 0.815587
0 0.347397 0.621461 0.0972632 0.453082 0.782939
0 0.273808 0.629519 0.132282 0.463347 0.744436
1 0.787015 0.579999 0.135483 0.151817 0.715627
4 0.587386 0.574724 0.0750926 0.0995296 0.540644
