1 0.502377 0.593663 0.0867709 0.0810124 0.877822
1 0.0275076 0.46489 0.0549282 0.826151 0.853738
2 0.31137 0.610439 0.158571 0.212022 0.849017
2 0.0870551 0.610317 0.0334469 0.0899821 0.797676
1 0.56671 0.589439 0.0547941 0.0614578 0.792801
1 0.704314 0.603099 0.123408 0.122775 0.787776
2 0.110903 0.606475 0.027274 0.0677706 0.757071
0 0.818731 0.550554 0.362538 0.888954 0.731899
2 0.616033 0.594604 0.040314 0.0850782 0.640701
4 0.440858 0.561007 0.0673032 0.097689 0.610696
2 0.0556638 0.605513 0.0258617 0.0745229 0.609093
0 0.429301 0.598115 0.0348639 0.130589 0.581972
