1 0.47138 0.582365 0.197923 0.146958 0.955422
1 0.604212 0.583944 0.110825 0.135503 0.954052
1 0.747591 0.595533 0.0612544 0.081494 0.912595
1 0.68151 0.609768 0.0540924 0.0782165 0.888723
1 0.694331 0.594525 0.0931296 0.0960546 0.88575
1 0.928349 0.603604 0.0362467 0.0507613 0.792996
1 0.778011 0.596205 0.0329235 0.0666748 0.790529
1 0.804652 0.597994 0.0505857 0.0619751 0.779868
2 0.937553 0.607434 0.0298479 0.0694088 0.738399
0 0.841435 0.595744 0.027905 0.0805792 0.579258
1 0.956843 0.608209 0.0237999 0.0389481 0.508857
