1 0.746252 0.592981 0.0628958 0.082371 0.949615
1 0.603291 0.582764 0.111087 0.13315 0.93679
1 0.694064 0.593008 0.0918562 0.096007 0.895992
1 0.680459 0.607254 0.0555215 0.0768951 0.882241
1 0.804148 0.595838 0.0492151 0.0598049 0.839115
1 0.778587 0.593422 0.0321972 0.0664036 0.834143
1 0.255771 0.571436 0.511542 0.857128 0.807534
1 0.511733 0.579924 0.115571 0.14794 0.805425
1 0.955304 0.610163 0.0547349 0.0596182 0.790986
2 0.877688 0.601756 0.0269157 0.0608459 0.67891
1 0.936754 0.603054 0.0274874 0.0508425 0.500996
