1 0.0703581 0.534194 0.139808 0.821741 0.916374
0 0.820125 0.614756 0.0972832 0.365892 0.841304
0 0.646892 0.63807 0.130006 0.306584 0.829284
0 0.707012 0.587115 0.0669801 0.165405 0.818544
0 0.20861 0.604809 0.169154 0.39286 0.805755
4 0.398868 0.540072 0.173162 0.238427 0.798374
0 0.914697 0.600027 0.0278182 0.0887721 0.731582
0 0.465744 0.609933 0.126071 0.357897 0.679345
0 0.94451 0.600789 0.0256701 0.0962271 0.657916
0 0.559117 0.598088 0.0944455 0.334245 0.643992
0 0.887439 0.594242 0.0264473 0.0924017 0.621502
0 0.734066 0.594141 0.0299163 0.0957151 0.534214
1 0.772014 0.600037 0.0324295 0.0731849 0.513823
