1 0.0772529 0.554678 0.154506 0.708058 0.913439
1 0.201027 0.602359 0.170951 0.309022 0.863659
0 0.851669 0.619989 0.108003 0.297566 0.856187
4 0.36149 0.563064 0.14254 0.186548 0.838633
2 0.691756 0.609995 0.0357013 0.0837529 0.814464
1 0.761192 0.608172 0.0696318 0.0738021 0.809721
1 0.369493 0.615976 0.101306 0.09881 0.782151
0 0.962341 0.622041 0.0753174 0.281346 0.775641
0 0.283607 0.624642 0.0779959 0.211974 0.769442
0 0.64114 0.611175 0.0765686 0.271216 0.763416
0 0.797468 0.613566 0.0541085 0.134168 0.695151
0 0.57708 0.638955 0.0651291 0.205699 0.63467
1 0.731969 0.60338 0.0469933 0.0629976 0.625207
2 0.553608 0.619546 0.0590718 0.158526 0.574831
