1 0.0692333 0.540079 0.137956 0.813535 0.927731
5 0.407726 0.598725 0.115039 0.131065 0.873506
1 0.697654 0.598585 0.0885981 0.07783 0.862589
2 0.308836 0.603694 0.0596923 0.116934 0.860775
0 0.831598 0.604544 0.124957 0.465878 0.838668
2 0.216431 0.608783 0.0557214 0.131929 0.82023
2 0.179775 0.602421 0.0398439 0.102654 0.789014
0 0.943961 0.612973 0.112078 0.301087 0.779206
0 0.75856 0.615337 0.0802691 0.31574 0.74618
2 0.143661 0.612286 0.0521567 0.133904 0.740099
1 0.609385 0.591126 0.0372918 0.0349433 0.709816
2 0.252554 0.605269 0.0431049 0.118276 0.708504
4 0.43284 0.56062 0.0872028 0.122034 0.698807
