1 0.0776555 0.554387 0.154445 0.711089 0.906938
1 0.746576 0.602383 0.0709138 0.0699099 0.885107
1 0.635788 0.609195 0.0911686 0.0912588 0.883513
1 0.815575 0.607495 0.0879864 0.0796891 0.866083
2 0.240466 0.61939 0.0564604 0.102613 0.863324
2 0.94058 0.612128 0.117484 0.167259 0.85655
1 0.884926 0.614823 0.0778535 0.0938396 0.793841
2 0.337734 0.605679 0.0194286 0.0517308 0.780867
2 0.16195 0.624513 0.0516866 0.131774 0.724284
1 0.701469 0.606342 0.0379158 0.048409 0.665881
1 0.580249 0.602661 0.035368 0.035095 0.640162
1 0.68485 0.60598 0.0310482 0.0532671 0.594002
