1 0.0699019 0.536551 0.138808 0.810747 0.926622
0 0.216542 0.600397 0.138356 0.367296 0.876864
0 0.713975 0.603714 0.131886 0.315982 0.846281
0 0.582158 0.593698 0.113628 0.441708 0.825647
0 0.35836 0.597067 0.0866714 0.350847 0.790567
0 0.884283 0.619465 0.136496 0.342145 0.782111
1 0.808082 0.593164 0.0799248 0.0847356 0.762722
0 0.456698 0.614922 0.150774 0.475862 0.734934
1 0.642032 0.590964 0.0395606 0.0580536 0.64595
1 0.899316 0.60812 0.174712 0.100086 0.525234
0 0.488952 0.596489 0.0954865 0.439129 0.515075
