1 0.470077 0.582549 0.199134 0.147537 0.934348
1 0.746873 0.595215 0.0636094 0.0827639 0.910854
1 0.680131 0.609749 0.0528904 0.0776538 0.901106
1 0.603672 0.582212 0.108574 0.133404 0.889466
1 0.944055 0.611884 0.096855 0.107043 0.883936
1 0.694505 0.594972 0.0903972 0.0929357 0.867766
1 0.83598 0.599148 0.0282659 0.0564085 0.865674
1 0.805554 0.597373 0.0502687 0.0613747 0.83938
2 0.597666 0.588874 0.05821 0.153713 0.836105
1 0.778198 0.596473 0.0320293 0.0650066 0.822612
5 0.873813 0.601988 0.0424935 0.0515226 0.574203
1 0.990948 0.61245 0.0181034 0.0543669 0.563776
