1 0.603718 0.582837 0.110136 0.135071 0.952723
1 0.474237 0.581715 0.190788 0.148168 0.926461
1 0.747212 0.594133 0.0618789 0.0812181 0.919643
1 0.694164 0.593931 0.0922278 0.0954068 0.890209
1 0.217475 0.621884 0.430523 0.756231 0.889123
1 0.680832 0.608837 0.0541711 0.0763543 0.878277
1 0.806544 0.596512 0.0548115 0.0626421 0.853728
1 0.836888 0.598571 0.0288822 0.0565803 0.829157
1 0.931771 0.603552 0.0463861 0.0517872 0.814372
1 0.95945 0.607672 0.024069 0.0394355 0.784506
1 0.778153 0.595581 0.0319144 0.0652254 0.73199
5 0.874484 0.602728 0.0351248 0.0481409 0.627294
