1 0.0784076 0.552719 0.155888 0.709965 0.90968
2 0.603851 0.614017 0.0710824 0.113612 0.877781
2 0.345676 0.616129 0.0505963 0.104585 0.850912
0 0.846887 0.613207 0.0753731 0.14671 0.846469
1 0.724321 0.604169 0.0732648 0.0676124 0.802255
1 0.801478 0.60742 0.065265 0.0803119 0.8001
4 0.441999 0.582919 0.0603825 0.0778708 0.79974
1 0.974191 0.61823 0.0516181 0.0941885 0.787265
0 0.691924 0.605707 0.0444454 0.151315 0.717476
1 0.18356 0.613206 0.0728274 0.143345 0.677195
1 0.200513 0.622298 0.0365276 0.118625 0.562415
0 0.160785 0.6264 0.0727294 0.26112 0.515371
