4 0.365052 0.556173 0.15847 0.207369 0.936096
1 0.0770143 0.542982 0.153902 0.727465 0.91633
0 0.356677 0.618411 0.037719 0.130356 0.822789
0 0.814547 0.613997 0.0920523 0.335086 0.809554
2 0.525628 0.611086 0.102718 0.153771 0.804547
1 0.671121 0.60289 0.192098 0.139093 0.77996
2 0.629873 0.614504 0.107813 0.133077 0.752349
0 0.226338 0.617225 0.0876935 0.283833 0.721348
4 0.243105 0.559755 0.134361 0.202002 0.706415
4 0.656072 0.558735 0.172366 0.181858 0.650979
2 0.161102 0.63672 0.0577557 0.161913 0.577513
