1 0.0771471 0.54272 0.154294 0.725441 0.907995
4 0.336303 0.553597 0.167023 0.221363 0.8826
1 0.611063 0.607698 0.0763812 0.0657001 0.836526
2 0.96389 0.609941 0.0722193 0.116504 0.821298
0 0.432743 0.620687 0.121849 0.267011 0.789586
0 0.297088 0.59447 0.0783282 0.290531 0.772832
0 0.702565 0.607709 0.0543883 0.136833 0.697723
1 0.752434 0.606207 0.0790315 0.0694765 0.578891
0 0.855158 0.60257 0.0513344 0.142103 0.574071
2 0.535546 0.610909 0.050988 0.143452 0.551901
1 0.658376 0.601172 0.0368214 0.0611379 0.53984
0 0.220292 0.614071 0.0658899 0.162921 0.52026
0 0.185883 0.61488 0.0418222 0.148828 0.514679
