1 0.746668 0.594973 0.0644614 0.083087 0.931357
1 0.681508 0.608171 0.0550451 0.0770728 0.896105
1 0.694818 0.594545 0.0924449 0.0967732 0.894741
1 0.836727 0.598921 0.0313411 0.0569771 0.878599
1 0.926886 0.602636 0.0373646 0.0487939 0.875836
1 0.778425 0.595391 0.0332103 0.067374 0.857537
1 0.966897 0.604894 0.0638538 0.0766174 0.842254
1 0.807403 0.597072 0.0529093 0.0616838 0.82863
2 0.874838 0.60304 0.029643 0.0522351 0.728963
1 0.623312 0.581872 0.0750244 0.123902 0.613966
1 0.332489 0.564495 0.646246 0.854097 0.563969
