1 0.0759386 0.558545 0.151877 0.701365 0.913092
1 0.669592 0.612933 0.122995 0.101471 0.890096
1 0.762656 0.604835 0.0917236 0.0841513 0.826377
0 0.490057 0.62173 0.097191 0.408995 0.814571
1 0.895113 0.619344 0.187732 0.115421 0.812954
0 0.565585 0.615418 0.108884 0.440943 0.783031
2 0.341966 0.607677 0.0220953 0.0528107 0.708674
0 0.181374 0.613946 0.032926 0.104016 0.645539
2 0.148827 0.622755 0.0301576 0.0974917 0.643339
4 0.426563 0.598363 0.0540344 0.0450564 0.553626
1 0.932433 0.620979 0.124273 0.124425 0.538595
