1 0.603824 0.584216 0.110907 0.134109 0.939765
1 0.473795 0.581735 0.191959 0.146819 0.923759
1 0.747314 0.595189 0.0641549 0.0820322 0.923596
1 0.680127 0.609023 0.0544272 0.0792629 0.91668
1 0.836926 0.598771 0.0292947 0.0567939 0.898357
1 0.694218 0.595764 0.0914115 0.0944273 0.886142
1 0.778116 0.596268 0.0319276 0.0655501 0.870327
1 0.932139 0.604589 0.0482759 0.0520113 0.838332
1 0.806309 0.597399 0.0492323 0.0608715 0.837524
0 0.368098 0.558152 0.0525109 0.162922 0.719998
1 0.960253 0.609204 0.0243015 0.0416957 0.709114
