1 0.0766343 0.558374 0.153269 0.70024 0.913194
1 0.697837 0.616369 0.109525 0.094191 0.864105
2 0.26525 0.61541 0.0407065 0.093872 0.785714
0 0.783848 0.611926 0.138152 0.430948 0.78325
2 0.447156 0.617614 0.0868073 0.197898 0.77184
2 0.237805 0.617097 0.0295751 0.0703586 0.76621
0 0.873972 0.627589 0.14138 0.36973 0.765305
1 0.941255 0.60833 0.117491 0.137313 0.747679
2 0.20146 0.618326 0.0332837 0.0834297 0.73379
0 0.581457 0.658015 0.0810528 0.205805 0.699484
0 0.508277 0.625665 0.0812694 0.294327 0.669371
1 0.910474 0.608977 0.178178 0.14028 0.642121
2 0.316323 0.607948 0.0242703 0.0552911 0.616283
