4 0.382508 0.548661 0.163453 0.212422 0.95855
1 0.0716131 0.535907 0.142138 0.815812 0.924996
0 0.603815 0.603364 0.185919 0.492833 0.88105
0 0.170556 0.600861 0.0991429 0.29601 0.799344
1 0.281246 0.60097 0.059956 0.0874473 0.791034
0 0.863367 0.608396 0.0974961 0.342254 0.776957
0 0.692052 0.608462 0.133912 0.454247 0.764763
1 0.984216 0.608092 0.0315684 0.107249 0.755143
0 0.784031 0.618947 0.110488 0.364002 0.743353
1 0.232676 0.609664 0.0868204 0.107819 0.741017
1 0.878082 0.600608 0.130426 0.118228 0.715436
1 0.920791 0.605175 0.0534551 0.117337 0.514219
