1 0.0770068 0.543833 0.153344 0.737564 0.904866
1 0.886075 0.615112 0.227849 0.118819 0.903547
2 0.331257 0.60708 0.0262499 0.0656306 0.825505
1 0.594359 0.605572 0.0604453 0.0628756 0.82441
1 0.749272 0.60483 0.0864906 0.0809413 0.787387
2 0.194673 0.614795 0.0346941 0.0812386 0.783309
2 0.659324 0.607456 0.0379699 0.0775385 0.749566
2 0.41769 0.606389 0.0258616 0.0596898 0.708373
2 0.24025 0.610504 0.0266308 0.0686765 0.659403
1 0.670824 0.601706 0.0547585 0.0578167 0.658898
2 0.733052 0.609812 0.0380414 0.0828933 0.567697
