1 0.069461 0.537211 0.13714 0.813275 0.91209
0 0.790994 0.607767 0.162955 0.359142 0.886467
0 0.460061 0.591049 0.119488 0.442742 0.865066
0 0.27304 0.610158 0.16155 0.482362 0.839776
1 0.381845 0.585174 0.0944583 0.132037 0.814501
2 0.360297 0.605911 0.047457 0.143367 0.67267
0 0.943158 0.598034 0.0310409 0.101146 0.631633
0 0.167825 0.604528 0.0772808 0.245162 0.631143
2 0.721124 0.596563 0.116868 0.17177 0.608472
0 0.614819 0.603172 0.0660041 0.18894 0.566138
0 0.913054 0.598707 0.0260729 0.0941621 0.551454
