1 0.470267 0.58247 0.199513 0.149571 0.918229
1 0.603602 0.584204 0.11078 0.135929 0.914243
1 0.748954 0.594628 0.0673898 0.0807654 0.905474
1 0.694481 0.594097 0.0904011 0.0953706 0.897783
1 0.68089 0.609028 0.0557821 0.07592 0.883199
1 0.8376 0.598807 0.0312905 0.0559576 0.848735
1 0.911473 0.605589 0.0472483 0.0537163 0.835912
1 0.806931 0.596521 0.0570302 0.062387 0.833517
0 0.0493704 0.542206 0.0987407 0.407575 0.721699
5 0.872382 0.605417 0.0343954 0.0444585 0.707692
1 0.956471 0.609069 0.0284112 0.0414896 0.626503
