3 0.151189 0.570946 0.113577 0.178062 0.958332
1 0.837765 0.605738 0.213544 0.132371 0.857223
1 0.0844975 0.613995 0.168995 0.117251 0.851361
1 0.672027 0.612844 0.194525 0.104146 0.824356
0 0.513397 0.617486 0.0327738 0.105146 0.780974
0 0.637798 0.615912 0.0647194 0.218703 0.778108
0 0.278194 0.619464 0.036104 0.0995674 0.691139
0 0.477153 0.617762 0.0310611 0.10491 0.689837
1 0.575854 0.608877 0.111172 0.0695735 0.678205
1 0.219291 0.616233 0.0525662 0.0650398 0.669883
2 0.356596 0.609822 0.0242205 0.0573386 0.655876
0 0.449151 0.619232 0.037999 0.115448 0.641028
0 0.248751 0.617568 0.0318986 0.09728 0.603341
0 0.426557 0.610739 0.0238932 0.0668907 0.601621
