2 0.752058 0.619518 0.184587 0.443469 0.974409
1 0.0703506 0.536728 0.139806 0.811856 0.931051
0 0.44536 0.59539 0.121201 0.325286 0.859296
0 0.577028 0.599708 0.148144 0.466089 0.820505
0 0.358958 0.602186 0.0586967 0.144608 0.79466
0 0.115265 0.595464 0.0975079 0.404604 0.712054
1 0.406828 0.599852 0.0634436 0.102062 0.631558
2 0.283678 0.591962 0.0298615 0.0672968 0.622765
1 0.821118 0.597816 0.0393445 0.05905 0.605161
2 0.153668 0.607944 0.0406265 0.131579 0.604602
2 0.636857 0.590169 0.0217465 0.0519407 0.573719
1 0.694666 0.590637 0.0376949 0.0518481 0.538057
1 0.390238 0.596612 0.0432742 0.0980427 0.520059
1 0.990233 0.614782 0.0195335 0.103568 0.517572
