1 0.746778 0.594021 0.0644915 0.0820285 0.93538
1 0.472417 0.580638 0.196663 0.14899 0.90903
1 0.603822 0.581816 0.112732 0.130844 0.90207
1 0.695459 0.593733 0.0917414 0.0962415 0.895023
1 0.836385 0.598163 0.0316453 0.0571004 0.87275
1 0.680533 0.608354 0.0536926 0.0766291 0.872123
5 0.875534 0.603038 0.0350685 0.0483273 0.854842
1 0.805211 0.596638 0.054285 0.0604633 0.841162
1 0.778233 0.595082 0.0319476 0.0670175 0.806307
1 0.931629 0.60264 0.046881 0.0520635 0.794525
0 0.607343 0.586717 0.0601397 0.187863 0.77213
2 0.976556 0.610214 0.0256649 0.0559841 0.661121
0 0.360504 0.57121 0.0443903 0.1275 0.594719
1 0.957545 0.608575 0.0218239 0.045069 0.565565
