1 0.242711 0.579894 0.485422 0.497862 0.925528
1 0.604631 0.584824 0.111563 0.133024 0.912018
1 0.746787 0.595422 0.0648912 0.0813971 0.904762
1 0.694374 0.595608 0.0918472 0.0957323 0.883988
1 0.680917 0.608988 0.0540731 0.0788847 0.877856
5 0.872423 0.601505 0.0367842 0.0512987 0.877805
1 0.521019 0.583888 0.0977559 0.151527 0.873855
1 0.835976 0.599001 0.0304947 0.0563631 0.868603
1 0.805641 0.597151 0.054374 0.0610453 0.849299
1 0.933048 0.603745 0.0502609 0.0505107 0.826353
1 0.776631 0.595332 0.029906 0.0676146 0.743429
1 0.960079 0.608776 0.0233438 0.0399078 0.69208
