1 0.383546 0.574009 0.126872 0.135066 0.899021
0 0.675702 0.576954 0.066329 0.152002 0.845499
1 0.586486 0.575539 0.113057 0.103228 0.844116
0 0.516973 0.578953 0.0556719 0.171355 0.842661
2 0.28322 0.567468 0.0348089 0.085819 0.817656
2 0.401881 0.582637 0.0865382 0.137313 0.814476
0 0.755928 0.572558 0.0530612 0.17056 0.805794
1 0.314529 0.562818 0.0441535 0.0684474 0.7947
0 0.930567 0.580619 0.0447493 0.142917 0.699795
1 0.487844 0.571143 0.0568215 0.0886835 0.590071
1 0.461072 0.570225 0.0407727 0.0786039 0.566535
0 0.0719407 0.558369 0.0334944 0.104868 0.559326
1 0.244798 0.555082 0.0381978 0.0450222 0.53046
