1 0.0698438 0.53456 0.138814 0.818326 0.916634
1 0.786065 0.607291 0.133728 0.111569 0.850744
0 0.707809 0.60719 0.079013 0.193846 0.835839
0 0.866039 0.599554 0.0693724 0.146011 0.826008
0 0.273755 0.637332 0.183626 0.586082 0.804879
0 0.526323 0.6318 0.150121 0.504367 0.797909
0 0.596715 0.596523 0.0776954 0.348675 0.77604
0 0.939739 0.597953 0.0596248 0.14596 0.77323
1 0.669662 0.596062 0.0682072 0.101066 0.757291
0 0.168552 0.600906 0.0809907 0.35936 0.711065
0 0.433876 0.579154 0.133757 0.508074 0.662645
0 0.978553 0.605287 0.0422421 0.122102 0.523417
1 0.871816 0.595823 0.0942564 0.0939724 0.512238
