1 0.470367 0.581714 0.19743 0.146679 0.955099
1 0.603615 0.583338 0.111099 0.135065 0.954436
1 0.74615 0.594791 0.0627481 0.0824511 0.931806
1 0.693855 0.593814 0.0928905 0.0964084 0.897057
1 0.6807 0.609248 0.0546996 0.0777656 0.893957
1 0.836999 0.598737 0.030214 0.0561048 0.880569
1 0.964119 0.60357 0.0623695 0.0668971 0.876613
1 0.80643 0.597086 0.054362 0.0617376 0.861694
1 0.923417 0.602837 0.0321342 0.0492088 0.788504
1 0.777591 0.595994 0.0331479 0.0650833 0.775409
5 0.873792 0.603111 0.0430572 0.0471434 0.739833
