4 0.750308 0.571286 0.170705 0.226502 0.915667
1 0.535749 0.643002 0.146194 0.0948581 0.905045
1 0.918431 0.637558 0.108781 0.0876517 0.869102
4 0.955124 0.577966 0.0897522 0.157941 0.845881
2 0.700484 0.642007 0.0647963 0.123625 0.835333
4 0.876294 0.596725 0.086255 0.110724 0.805396
1 0.633929 0.638805 0.0815704 0.0818245 0.802434
0 0.0782544 0.627234 0.0353779 0.120316 0.755932
0 0.18155 0.633948 0.0339495 0.0941867 0.713086
0 0.0479094 0.628707 0.0304567 0.121027 0.694905
0 0.151025 0.630498 0.0370588 0.0944319 0.689009
0 0.0171537 0.628112 0.0319691 0.130469 0.556098
