1 0.603998 0.58314 0.110637 0.135196 0.955403
1 0.470707 0.581385 0.197637 0.147367 0.954094
1 0.746732 0.594359 0.0623834 0.0825359 0.925708
1 0.836689 0.598539 0.0302875 0.0571607 0.90145
1 0.694012 0.593811 0.0923306 0.095944 0.895464
1 0.680921 0.60906 0.0545809 0.0771599 0.891784
1 0.807208 0.597074 0.0521894 0.0615696 0.845567
1 0.77811 0.595041 0.0333952 0.0665712 0.829273
1 0.954847 0.602401 0.0522213 0.0605453 0.812051
2 0.874537 0.603598 0.0309412 0.0519459 0.762748
1 0.921801 0.601796 0.0282743 0.0478225 0.743735
2 0.987614 0.609331 0.0247718 0.0850191 0.582591
