0 0.764498 0.597131 0.130858 0.473958 0.814635
1 0.414002 0.599995 0.0973346 0.0974633 0.794605
0 0.346549 0.599577 0.0556331 0.13553 0.790189
0 0.119678 0.550424 0.231744 0.851667 0.783236
0 0.893994 0.580276 0.175621 0.479955 0.751738
0 0.632518 0.588864 0.155379 0.440514 0.719807
2 0.561285 0.599683 0.227474 0.32042 0.660083
0 0.486304 0.612147 0.116882 0.376081 0.642707
0 0.218279 0.598314 0.0561331 0.172807 0.639318
0 0.25698 0.598724 0.0512344 0.14688 0.621077
2 0.296098 0.590513 0.0244853 0.0648529 0.608942
0 0.975069 0.588732 0.0498629 0.414304 0.544023
0 0.371641 0.603478 0.0342246 0.123201 0.529342
