1 0.439678 0.565969 0.0449319 0.0806564 0.879997
1 0.357515 0.575581 0.112476 0.130714 0.85337
1 0.480188 0.56615 0.0732652 0.0926429 0.828638
2 0.572513 0.593 0.112159 0.169868 0.825544
2 0.884713 0.637673 0.208109 0.437587 0.786267
1 0.572454 0.569427 0.143641 0.112724 0.770402
2 0.0578197 0.605238 0.108801 0.234349 0.738581
1 0.251553 0.564182 0.0349953 0.0553191 0.708997
1 0.398747 0.519885 0.0693948 0.0573769 0.694285
1 0.410617 0.56621 0.0404317 0.0692837 0.648283
2 0.322332 0.581503 0.0600243 0.145453 0.622408
2 0.743922 0.565217 0.0278106 0.0666166 0.600322
