1 0.0702873 0.532523 0.140029 0.808885 0.928789
0 0.831044 0.599083 0.129239 0.478191 0.89988
0 0.295378 0.609461 0.18294 0.65453 0.883358
0 0.404973 0.592013 0.113783 0.374605 0.840546
0 0.634725 0.63761 0.200199 0.695308 0.744013
0 0.513988 0.590522 0.0735047 0.355962 0.722165
0 0.934536 0.625269 0.12846 0.562614 0.710139
1 0.773369 0.596447 0.0412776 0.0591829 0.657664
0 0.196095 0.586863 0.062625 0.329359 0.585429
5 0.458272 0.591587 0.0743756 0.13739 0.581954
2 0.734927 0.611628 0.0284961 0.0947989 0.556538
