1 0.0777452 0.541805 0.15512 0.736969 0.909182
1 0.634439 0.605193 0.08418 0.0808024 0.879685
2 0.179011 0.619444 0.0672418 0.11943 0.856823
1 0.749715 0.601338 0.0575724 0.0688381 0.853765
0 0.912352 0.620351 0.175213 0.453018 0.847847
1 0.712387 0.60382 0.0469031 0.0522653 0.843581
1 0.816007 0.60262 0.100597 0.0945014 0.837879
2 0.436317 0.615431 0.074084 0.147562 0.793058
2 0.302138 0.606431 0.0211266 0.0523244 0.751735
2 0.217328 0.612375 0.0302896 0.0893643 0.71652
2 0.34815 0.603989 0.0291652 0.0610604 0.703511
1 0.575281 0.597036 0.0317605 0.0381124 0.569707
