1 0.0772933 0.54652 0.153248 0.731615 0.905408
1 0.749791 0.602079 0.0736437 0.0688545 0.824277
2 0.617374 0.619821 0.269834 0.287425 0.808233
2 0.961189 0.614242 0.0763004 0.176678 0.790416
0 0.293242 0.612091 0.0457976 0.146613 0.745445
2 0.246299 0.613587 0.0284857 0.078858 0.737063
0 0.539675 0.617675 0.0909732 0.361993 0.723569
2 0.367349 0.617493 0.0673932 0.13501 0.679371
2 0.413436 0.614629 0.0607441 0.137981 0.678801
2 0.204761 0.613026 0.0293167 0.0817106 0.674439
1 0.331341 0.608609 0.0464069 0.0716898 0.5521
