3 0.156174 0.56966 0.113245 0.175735 0.955516
1 0.837163 0.606532 0.21382 0.1336 0.86174
1 0.0793767 0.613507 0.158753 0.116361 0.845804
2 0.393071 0.625702 0.0447204 0.0995852 0.822061
1 0.67757 0.613286 0.186013 0.105251 0.711082
0 0.496617 0.617157 0.0303033 0.0855018 0.679745
0 0.1476 0.625062 0.0421854 0.160842 0.664261
0 0.633385 0.615011 0.0876263 0.301988 0.641874
0 0.466703 0.614191 0.0250864 0.0828768 0.641603
0 0.245095 0.615701 0.027917 0.0778455 0.5915
1 0.230552 0.615405 0.0531283 0.0669283 0.538112
