1 0.12085 0.447608 0.241699 0.861046 0.945869
4 0.379885 0.53559 0.168036 0.213712 0.938856
1 0.944613 0.586958 0.107579 0.113039 0.878694
1 0.811845 0.587516 0.0836122 0.0764632 0.853212
1 0.762558 0.58568 0.048429 0.0664923 0.793765
0 0.238587 0.59368 0.055918 0.139347 0.699939
1 0.644341 0.580545 0.0814261 0.0868401 0.644553
0 0.346324 0.592219 0.0592999 0.13427 0.64262
1 0.688417 0.581559 0.0332901 0.0429825 0.640538
0 0.342415 0.590184 0.0365845 0.131677 0.625321
5 0.646645 0.581551 0.0782618 0.0868084 0.603109
4 0.461782 0.537841 0.019707 0.166122 0.572993
