3 0.151884 0.57097 0.113721 0.18261 0.95779
1 0.836765 0.606698 0.213056 0.133491 0.874072
1 0.670111 0.613362 0.202385 0.104146 0.866358
0 0.423851 0.617223 0.0329767 0.104742 0.794562
1 0.0851811 0.614176 0.170362 0.118864 0.780998
1 0.579412 0.605615 0.12146 0.0784347 0.76654
0 0.240647 0.630204 0.055809 0.197649 0.73405
1 0.210959 0.615894 0.0391657 0.0612221 0.716517
0 0.139393 0.636227 0.0852456 0.177901 0.654924
0 0.293497 0.625812 0.0633556 0.190076 0.638751
0 0.380782 0.625239 0.0605836 0.196419 0.628021
1 0.602687 0.622962 0.0777556 0.0749446 0.621314
0 0.350895 0.624778 0.0734055 0.203165 0.549459
1 0.591579 0.613208 0.0980845 0.0729564 0.522774
